ID	lgth	out	in	long_cov	short1_cov	short1_Ocov	short2_cov	short2_Ocov	long_nb	short1_nb	short2_nb
1	4249	1	0	0.000000	70.276536	68.267592	0.000000	0.000000	0	906	0
2	615	1	2	0.000000	3912.518699	3071.902439	0.000000	0.000000	0	8732	0
3	2	1	2	0.000000	3797.500000	1550.000000	0.000000	0.000000	0	1815	0
4	7	5	2	0.000000	3810.428571	1442.857143	0.000000	0.000000	0	1878	0
5	1	4	1	0.000000	2391.000000	1337.000000	0.000000	0.000000	0	1150	0
6	2	5	1	0.000000	1105.000000	1025.500000	0.000000	0.000000	0	527	0
7	1	2	1	0.000000	210.000000	207.000000	0.000000	0.000000	0	105	0
8	1	2	1	0.000000	142.000000	140.000000	0.000000	0.000000	0	71	0
9	16648	0	1	0.000000	70.663743	67.955790	0.000000	0.000000	0	3552	0
10	7	2	1	0.000000	162.285714	162.285714	0.000000	0.000000	0	120	0
11	2	0	1	0.000000	153.000000	153.000000	0.000000	0.000000	0	79	0
12	12	1	0	0.000000	286.000000	177.166667	0.000000	0.000000	0	256	0
13	1	4	1	0.000000	1226.000000	1215.000000	0.000000	0.000000	0	589	0
14	3	2	1	0.000000	304.333333	304.333333	0.000000	0.000000	0	181	0
15	1	1	1	0.000000	80.000000	80.000000	0.000000	0.000000	0	39	0
16	15	0	2	0.000000	229.133333	227.666667	0.000000	0.000000	0	124	0
17	1	3	1	0.000000	383.000000	378.000000	0.000000	0.000000	0	176	0
18	3	0	1	0.000000	130.666667	126.666667	0.000000	0.000000	0	61	0
19	11	2	0	0.000000	111.818182	70.000000	0.000000	0.000000	0	91	0
20	43	0	1	0.000000	69.511628	68.441860	0.000000	0.000000	0	62	0
21	54	1	1	0.000000	81.759259	80.870370	0.000000	0.000000	0	104	0
22	2	2	2	0.000000	233.500000	233.500000	0.000000	0.000000	0	135	0
23	14204	0	0	0.000000	64.984300	24.654604	0.000000	0.000000	0	2825	0
24	2	1	0	0.000000	179.000000	178.500000	0.000000	0.000000	0	93	0
25	1	3	3	0.000000	1614.000000	1614.000000	0.000000	0.000000	0	831	0
26	4	2	3	0.000000	1615.000000	1549.500000	0.000000	0.000000	0	846	0
27	54	1	1	0.000000	53.611111	53.611111	0.000000	0.000000	0	76	0
28	6	1	0	0.000000	116.833333	116.833333	0.000000	0.000000	0	59	0
29	2	7	2	0.000000	1620.000000	744.500000	0.000000	0.000000	0	840	0
30	63	1	1	0.000000	103.412698	96.587302	0.000000	0.000000	0	200	0
31	2	1	0	0.000000	121.500000	121.500000	0.000000	0.000000	0	59	0
32	1	1	3	0.000000	376.000000	376.000000	0.000000	0.000000	0	180	0
33	2	3	2	0.000000	1566.000000	939.000000	0.000000	0.000000	0	839	0
34	2	0	1	0.000000	157.500000	154.500000	0.000000	0.000000	0	78	0
35	5	0	2	0.000000	243.200000	242.800000	0.000000	0.000000	0	173	0
36	14	1	0	0.000000	111.714286	110.571429	0.000000	0.000000	0	81	0
37	21	1	2	0.000000	102.190476	80.952381	0.000000	0.000000	0	96	0
38	57	1	1	0.000000	107.245614	106.070175	0.000000	0.000000	0	222	0
39	2	2	2	0.000000	416.000000	224.000000	0.000000	0.000000	0	230	0
40	2	0	1	0.000000	107.500000	76.000000	0.000000	0.000000	0	66	0
41	4	2	0	0.000000	162.500000	161.750000	0.000000	0.000000	0	98	0
42	1	1	4	0.000000	848.000000	848.000000	0.000000	0.000000	0	429	0
43	47369	0	1	0.000000	67.209377	26.802022	0.000000	0.000000	0	9627	0
44	370	1	1	0.000000	89.675676	83.354054	0.000000	0.000000	0	189	0
45	616	1	1	0.000000	165.811688	138.641234	0.000000	0.000000	0	457	0
46	64	2	2	0.000000	209.859375	165.718750	0.000000	0.000000	0	127	0
47	5465	1	1	0.000000	970.858920	688.084355	0.000000	0.000000	0	15427	0
48	1313	2	3	0.000000	358.428027	303.125666	0.000000	0.000000	0	1563	0
49	45	1	0	0.000000	70.244444	68.600000	0.000000	0.000000	0	75	0
50	121	2	0	0.000000	59.181818	57.297521	0.000000	0.000000	0	86	0
51	3	0	1	0.000000	52.000000	52.000000	0.000000	0.000000	0	29	0
52	17325	2	1	0.000000	68.098932	65.180664	0.000000	0.000000	0	3553	0
53	1	1	1	0.000000	55.000000	55.000000	0.000000	0.000000	0	29	0
54	2	0	2	0.000000	136.000000	136.000000	0.000000	0.000000	0	61	0
55	1	0	1	0.000000	113.000000	112.000000	0.000000	0.000000	0	39	0
56	1	1	0	0.000000	35.000000	34.000000	0.000000	0.000000	0	20	0
57	5	2	2	0.000000	213.200000	211.400000	0.000000	0.000000	0	107	0
58	15	1	1	0.000000	95.600000	95.600000	0.000000	0.000000	0	63	0
59	11	1	1	0.000000	98.454545	98.454545	0.000000	0.000000	0	59	0
60	25506	1	1	0.000000	72.136635	69.651376	0.000000	0.000000	0	5514	0
61	3	1	2	0.000000	406.000000	406.000000	0.000000	0.000000	0	241	0
62	3	1	2	0.000000	660.666667	660.666667	0.000000	0.000000	0	363	0
63	1	1	3	0.000000	1224.000000	1218.000000	0.000000	0.000000	0	612	0
64	1	2	5	0.000000	2032.000000	1897.000000	0.000000	0.000000	0	999	0
65	1	1	1	0.000000	1989.000000	1854.000000	0.000000	0.000000	0	976	0
66	2	1	0	0.000000	115.500000	114.500000	0.000000	0.000000	0	59	0
67	53	0	0	0.000000	182.962264	175.886792	0.000000	0.000000	0	111	0
68	87897	0	1	0.000000	70.687657	2.704017	0.000000	0.000000	0	18717	0
69	191	3	1	0.000000	2158.089005	1623.664921	0.000000	0.000000	0	2427	0
70	1	1	1	0.000000	1473.000000	1473.000000	0.000000	0.000000	0	707	0
71	62	4	2	0.000000	1681.580645	1597.145161	0.000000	0.000000	0	1187	0
72	1	3	1	0.000000	324.000000	324.000000	0.000000	0.000000	0	157	0
73	3	2	1	0.000000	130.000000	130.000000	0.000000	0.000000	0	61	0
74	15415	1	0	0.000000	60.036588	58.196432	0.000000	0.000000	0	2811	0
75	81	4	1	0.000000	2793.444444	2263.493827	0.000000	0.000000	0	2050	0
76	1	2	1	0.000000	552.000000	548.000000	0.000000	0.000000	0	266	0
77	1	3	1	0.000000	295.000000	295.000000	0.000000	0.000000	0	142	0
78	1	2	1	0.000000	149.000000	149.000000	0.000000	0.000000	0	71	0
79	576	2	2	0.000000	3413.501736	2509.968750	0.000000	0.000000	0	7168	0
80	5920	0	0	0.000000	68.724662	66.361318	0.000000	0.000000	0	1232	0
81	7060	0	0	0.000000	66.545892	63.418272	0.000000	0.000000	0	1413	0
82	7417	0	1	0.000000	71.099906	69.207092	0.000000	0.000000	0	1547	0
83	1	2	1	0.000000	1237.000000	1237.000000	0.000000	0.000000	0	594	0
84	2	4	2	0.000000	805.000000	801.000000	0.000000	0.000000	0	378	0
85	442	1	1	0.000000	78.599548	77.022624	0.000000	0.000000	0	139	0
86	1	3	1	0.000000	599.000000	599.000000	0.000000	0.000000	0	289	0
87	2	3	1	0.000000	383.000000	382.000000	0.000000	0.000000	0	184	0
88	1	2	1	0.000000	97.000000	97.000000	0.000000	0.000000	0	45	0
89	11091	1	0	0.000000	67.461455	65.206744	0.000000	0.000000	0	2318	0
90	2	6	1	0.000000	1007.000000	366.000000	0.000000	0.000000	0	507	0
91	1	1	1	0.000000	5472.000000	5472.000000	0.000000	0.000000	0	32	0
92	19	1	0	0.000000	145.210526	141.789474	0.000000	0.000000	0	111	0
93	40773	0	1	0.000000	64.998504	62.777598	0.000000	0.000000	0	8066	0
94	51	0	0	0.000000	128.039216	87.901961	0.000000	0.000000	0	72	0
95	35230	0	2	0.000000	69.386574	66.934204	0.000000	0.000000	0	7388	0
96	2	1	1	0.000000	90.000000	89.500000	0.000000	0.000000	0	51	0
97	12	1	1	0.000000	155.083333	149.416667	0.000000	0.000000	0	142	0
98	47	2	2	0.000000	509.617021	450.808511	0.000000	0.000000	0	267	0
99	27	2	1	0.000000	225.629630	67.629630	0.000000	0.000000	0	119	0
100	233	2	2	0.000000	122.218884	82.154506	0.000000	0.000000	0	195	0
101	11	1	1	0.000000	62.181818	60.000000	0.000000	0.000000	0	30	0
102	1573	2	2	0.000000	195.591863	173.059123	0.000000	0.000000	0	1102	0
103	7314	0	0	0.000000	65.617173	63.479355	0.000000	0.000000	0	1496	0
104	6	0	0	0.000000	151.666667	149.833333	0.000000	0.000000	0	74	0
105	840	1	0	0.000000	60.142857	57.515476	0.000000	0.000000	0	189	0
106	1	3	1	0.000000	474.000000	470.000000	0.000000	0.000000	0	215	0
107	4	2	1	0.000000	226.750000	161.000000	0.000000	0.000000	0	103	0
108	1	2	1	0.000000	146.000000	87.000000	0.000000	0.000000	0	65	0
109	11	2	2	0.000000	1564.181818	1014.545455	0.000000	0.000000	0	883	0
110	1	2	1	0.000000	121.000000	121.000000	0.000000	0.000000	0	64	0
111	164	2	2	0.000000	2170.024390	1418.963415	0.000000	0.000000	0	2234	0
112	8	1	1	0.000000	1836.250000	1762.375000	0.000000	0.000000	0	959	0
113	47	2	2	0.000000	2176.468085	1430.744681	0.000000	0.000000	0	1281	0
114	223	1	1	0.000000	1599.699552	972.946188	0.000000	0.000000	0	1673	0
115	19	1	1	0.000000	1293.789474	1002.210526	0.000000	0.000000	0	745	0
116	27	2	2	0.000000	1317.185185	1109.481481	0.000000	0.000000	0	847	0
117	45	1	1	0.000000	61.977778	61.977778	0.000000	0.000000	0	40	0
118	1	1	2	0.000000	157.000000	157.000000	0.000000	0.000000	0	76	0
119	12	0	2	0.000000	253.833333	228.750000	0.000000	0.000000	0	129	0
120	2	2	0	0.000000	101.000000	72.000000	0.000000	0.000000	0	47	0
121	1	1	1	0.000000	125.000000	125.000000	0.000000	0.000000	0	62	0
122	1	2	2	0.000000	217.000000	217.000000	0.000000	0.000000	0	106	0
123	4	2	1	0.000000	73.250000	73.250000	0.000000	0.000000	0	43	0
124	1	1	2	0.000000	271.000000	271.000000	0.000000	0.000000	0	137	0
125	2	2	2	0.000000	454.000000	393.500000	0.000000	0.000000	0	201	0
126	4	2	1	0.000000	72.250000	72.250000	0.000000	0.000000	0	78	0
127	36	1	0	0.000000	99.111111	98.444444	0.000000	0.000000	0	91	0
128	1	0	1	0.000000	162.000000	161.000000	0.000000	0.000000	0	86	0
129	20095	1	0	0.000000	65.294252	62.028166	0.000000	0.000000	0	4188	0
130	2	0	0	0.000000	167.000000	167.000000	0.000000	0.000000	0	81	0
131	41190	1	1	0.000000	76.174605	73.175407	0.000000	0.000000	0	9496	0
132	84726	1	1	0.000000	69.209688	1.357612	0.000000	0.000000	0	17829	0
133	1	2	1	0.000000	545.000000	545.000000	0.000000	0.000000	0	256	0
134	2	3	1	0.000000	286.500000	286.500000	0.000000	0.000000	0	133	0
135	1	2	1	0.000000	117.000000	117.000000	0.000000	0.000000	0	53	0
136	1	4	1	0.000000	479.000000	479.000000	0.000000	0.000000	0	236	0
137	16	2	1	0.000000	249.875000	246.625000	0.000000	0.000000	0	218	0
138	1	1	0	0.000000	108.000000	106.000000	0.000000	0.000000	0	52	0
139	11	1	1	0.000000	35.545455	35.545455	0.000000	0.000000	0	22	0
140	1	0	2	0.000000	103.000000	103.000000	0.000000	0.000000	0	56	0
141	33181	1	0	0.000000	69.391248	34.302281	0.000000	0.000000	0	7092	0
142	129	1	1	0.000000	93.511628	91.426357	0.000000	0.000000	0	96	0
143	250	2	2	0.000000	251.996000	205.480000	0.000000	0.000000	0	305	0
144	2	1	0	0.000000	104.500000	104.500000	0.000000	0.000000	0	53	0
145	1	1	3	0.000000	326.000000	323.000000	0.000000	0.000000	0	163	0
146	3	2	2	0.000000	1964.666667	1826.000000	0.000000	0.000000	0	980	0
147	1	2	2	0.000000	1750.000000	1682.000000	0.000000	0.000000	0	859	0
148	2	0	1	0.000000	100.500000	99.500000	0.000000	0.000000	0	53	0
149	46	2	1	0.000000	80.413043	63.108696	0.000000	0.000000	0	133	0
150	2	2	1	0.000000	191.000000	189.500000	0.000000	0.000000	0	116	0
151	4	0	1	0.000000	103.750000	102.750000	0.000000	0.000000	0	54	0
152	3	1	0	0.000000	157.000000	157.000000	0.000000	0.000000	0	116	0
153	1	0	0	0.000000	153.000000	152.000000	0.000000	0.000000	0	83	0
154	151	2	0	0.000000	128.556291	88.337748	0.000000	0.000000	0	130	0
155	6	1	1	0.000000	83.500000	80.000000	0.000000	0.000000	0	35	0
156	2	1	2	0.000000	127.500000	121.500000	0.000000	0.000000	0	59	0
157	58	2	2	0.000000	145.793103	143.362069	0.000000	0.000000	0	151	0
158	24109	1	0	0.000000	68.225144	16.699905	0.000000	0.000000	0	5070	0
159	6	1	1	0.000000	52.666667	52.666667	0.000000	0.000000	0	25	0
160	26	1	1	0.000000	66.346154	62.961538	0.000000	0.000000	0	39	0
161	1	1	3	0.000000	206.000000	202.000000	0.000000	0.000000	0	107	0
162	23	1	1	0.000000	3170.086957	2857.826087	0.000000	0.000000	0	1960	0
163	1603	1	0	0.000000	56.635059	54.464130	0.000000	0.000000	0	276	0
164	11940	1	0	0.000000	64.550419	62.128057	0.000000	0.000000	0	2339	0
165	4	1	2	0.000000	157.250000	157.250000	0.000000	0.000000	0	88	0
166	24043	1	2	0.000000	78.503390	75.299879	0.000000	0.000000	0	5906	0
167	162	1	0	0.000000	55.345679	54.580247	0.000000	0.000000	0	47	0
168	3	1	2	0.000000	119.000000	118.000000	0.000000	0.000000	0	64	0
169	1	1	2	0.000000	212.000000	211.000000	0.000000	0.000000	0	108	0
170	14544	1	1	0.000000	67.433100	65.349629	0.000000	0.000000	0	2993	0
171	13579	1	0	0.000000	66.739230	64.613889	0.000000	0.000000	0	2815	0
172	48356	1	1	0.000000	62.303664	60.042497	0.000000	0.000000	0	9061	0
173	2	1	2	0.000000	146.000000	144.000000	0.000000	0.000000	0	75	0
174	6255	1	1	0.000000	78.348521	74.078497	0.000000	0.000000	0	1491	0
175	1	1	3	0.000000	440.000000	131.000000	0.000000	0.000000	0	181	0
176	52571	1	1	0.000000	65.134884	62.609005	0.000000	0.000000	0	10206	0
177	1	1	2	0.000000	119.000000	116.000000	0.000000	0.000000	0	66	0
178	2314	1	0	0.000000	65.022472	62.047969	0.000000	0.000000	0	475	0
179	11268	1	1	0.000000	52.630103	50.205627	0.000000	0.000000	0	1855	0
180	1	1	2	0.000000	278.000000	197.000000	0.000000	0.000000	0	106	0
181	1	1	2	0.000000	383.000000	300.000000	0.000000	0.000000	0	155	0
182	1	1	3	0.000000	784.000000	521.000000	0.000000	0.000000	0	367	0
183	5583	1	0	0.000000	70.320258	67.588393	0.000000	0.000000	0	1193	0
184	1	1	3	0.000000	248.000000	243.000000	0.000000	0.000000	0	129	0
185	1	1	3	0.000000	467.000000	455.000000	0.000000	0.000000	0	238	0
186	3671	1	1	0.000000	82.523835	78.768183	0.000000	0.000000	0	956	0
187	29	1	1	0.000000	63.275862	60.310345	0.000000	0.000000	0	40	0
188	1	1	2	0.000000	131.000000	128.000000	0.000000	0.000000	0	61	0
189	11256	1	1	0.000000	75.231077	72.193319	0.000000	0.000000	0	2611	0
190	2	1	2	0.000000	171.000000	124.500000	0.000000	0.000000	0	84	0
191	2362	1	1	0.000000	80.922947	78.969941	0.000000	0.000000	0	609	0
192	1	1	2	0.000000	221.000000	157.000000	0.000000	0.000000	0	84	0
193	2	1	3	0.000000	325.000000	218.500000	0.000000	0.000000	0	171	0
194	24459	1	0	0.000000	67.059651	64.871704	0.000000	0.000000	0	4908	0
195	68	2	2	0.000000	207.411765	203.955882	0.000000	0.000000	0	142	0
196	33	1	1	0.000000	64.969697	64.969697	0.000000	0.000000	0	38	0
197	1644	1	0	0.000000	66.078467	63.554136	0.000000	0.000000	0	364	0
198	19675	1	0	0.000000	67.813520	65.310801	0.000000	0.000000	0	4088	0
199	2	1	2	0.000000	91.000000	91.000000	0.000000	0.000000	0	45	0
200	1295	1	1	0.000000	61.180695	59.955985	0.000000	0.000000	0	258	0
201	1362	1	0	0.000000	71.477239	69.634361	0.000000	0.000000	0	340	0
202	5601	1	0	0.000000	67.819497	65.645420	0.000000	0.000000	0	1159	0
203	5187	1	1	0.000000	127.060922	119.139387	0.000000	0.000000	0	2089	0
204	1	1	3	0.000000	211.000000	73.000000	0.000000	0.000000	0	76	0
205	176	2	1	0.000000	195.267045	174.380682	0.000000	0.000000	0	183	0
206	30	1	1	0.000000	62.133333	57.366667	0.000000	0.000000	0	42	0
207	6587	1	0	0.000000	62.734022	60.631851	0.000000	0.000000	0	1256	0
208	22345	1	0	0.000000	67.515686	65.265473	0.000000	0.000000	0	4602	0
209	11344	1	1	0.000000	71.923836	69.229725	0.000000	0.000000	0	2531	0
210	1487	1	1	0.000000	81.641560	79.070612	0.000000	0.000000	0	391	0
211	4471	1	1	0.000000	61.172445	59.157236	0.000000	0.000000	0	848	0
212	720	1	0	0.000000	87.434722	85.706944	0.000000	0.000000	0	214	0
213	955	2	2	0.000000	151.796859	124.278534	0.000000	0.000000	0	487	0
214	122	2	2	0.000000	343.581967	217.106557	0.000000	0.000000	0	332	0
215	12	2	1	0.000000	345.583333	156.000000	0.000000	0.000000	0	172	0
216	23	2	1	0.000000	249.565217	173.086957	0.000000	0.000000	0	131	0
217	8394	1	0	0.000000	67.671194	65.911961	0.000000	0.000000	0	1740	0
218	4	1	2	0.000000	112.000000	64.500000	0.000000	0.000000	0	58	0
219	1315	1	0	0.000000	62.953612	58.542205	0.000000	0.000000	0	267	0
220	1408	1	1	0.000000	203.007812	168.416193	0.000000	0.000000	0	1112	0
221	1	1	2	0.000000	107.000000	107.000000	0.000000	0.000000	0	56	0
222	2	1	3	0.000000	255.500000	252.500000	0.000000	0.000000	0	133	0
223	11126	0	2	0.000000	77.421445	73.599587	0.000000	0.000000	0	2750	0
224	174	2	1	0.000000	132.712644	129.034483	0.000000	0.000000	0	196	0
225	117	1	1	0.000000	131.709402	129.615385	0.000000	0.000000	0	115	0
226	311	2	2	0.000000	174.993569	119.581994	0.000000	0.000000	0	255	0
227	113	1	1	0.000000	126.300885	124.362832	0.000000	0.000000	0	96	0
228	225	1	1	0.000000	191.422222	187.417778	0.000000	0.000000	0	232	0
229	328	2	2	0.000000	232.121951	190.850610	0.000000	0.000000	0	347	0
230	30	1	1	0.000000	75.666667	74.633333	0.000000	0.000000	0	61	0
231	113	2	2	0.000000	230.592920	222.292035	0.000000	0.000000	0	238	0
232	480	1	1	0.000000	136.329167	108.339583	0.000000	0.000000	0	264	0
233	480	2	2	0.000000	241.762500	209.720833	0.000000	0.000000	0	505	0
234	69	1	1	0.000000	132.086957	130.724638	0.000000	0.000000	0	101	0
235	10	2	2	0.000000	268.600000	265.000000	0.000000	0.000000	0	154	0
236	5196	1	0	0.000000	130.401078	122.112972	0.000000	0.000000	0	2077	0
237	7	2	2	0.000000	298.000000	294.857143	0.000000	0.000000	0	155	0
238	16	2	1	0.000000	202.062500	160.312500	0.000000	0.000000	0	96	0
239	15	1	1	0.000000	134.866667	133.333333	0.000000	0.000000	0	52	0
240	57	2	4	0.000000	274.561404	170.684211	0.000000	0.000000	0	146	0
241	8	2	1	0.000000	263.625000	120.875000	0.000000	0.000000	0	100	0
242	31	1	1	0.000000	56.483871	54.967742	0.000000	0.000000	0	33	0
243	39	1	1	0.000000	80.307692	78.974359	0.000000	0.000000	0	63	0
244	15	1	1	0.000000	66.266667	65.400000	0.000000	0.000000	0	43	0
245	13	0	0	0.000000	136.769231	132.615385	0.000000	0.000000	0	60	0
246	77835	1	0	0.000000	65.824102	63.567110	0.000000	0.000000	0	15478	0
247	795	0	1	0.000000	92.920755	87.930818	0.000000	0.000000	0	237	0
248	29	2	2	0.000000	286.793103	257.000000	0.000000	0.000000	0	198	0
249	145	2	1	0.000000	231.724138	179.689655	0.000000	0.000000	0	235	0
250	195	2	2	0.000000	579.461538	489.435897	0.000000	0.000000	0	557	0
251	38	2	1	0.000000	350.289474	201.026316	0.000000	0.000000	0	211	0
252	2	1	1	0.000000	266.000000	164.500000	0.000000	0.000000	0	124	0
253	919	2	2	0.000000	549.527748	424.387378	0.000000	0.000000	0	1794	0
254	2826	0	0	0.000000	71.453291	69.691791	0.000000	0.000000	0	715	0
255	339	2	2	0.000000	138.380531	86.631268	0.000000	0.000000	0	213	0
256	567	1	1	0.000000	37.326279	35.950617	0.000000	0.000000	0	154	0
257	128	0	0	0.000000	144.023438	76.226562	0.000000	0.000000	0	120	0
258	167	0	0	0.000000	119.724551	73.520958	0.000000	0.000000	0	140	0
259	422	2	2	0.000000	139.092417	98.000000	0.000000	0.000000	0	257	0
260	23003	1	1	0.000000	76.800939	73.428901	0.000000	0.000000	0	5636	0
261	3	0	0	0.000000	128.000000	128.000000	0.000000	0.000000	0	60	0
262	112	0	0	0.000000	152.892857	107.196429	0.000000	0.000000	0	138	0
263	21	0	0	0.000000	112.619048	112.380952	0.000000	0.000000	0	64	0
264	299	2	2	0.000000	96.675585	72.658863	0.000000	0.000000	0	167	0
265	326	0	0	0.000000	124.819018	106.260736	0.000000	0.000000	0	226	0
266	499	1	1	0.000000	26.981964	26.454910	0.000000	0.000000	0	112	0
267	323	2	2	0.000000	125.671827	103.455108	0.000000	0.000000	0	202	0
268	499	1	1	0.000000	47.975952	47.242485	0.000000	0.000000	0	147	0
269	373	1	1	0.000000	58.104558	56.203753	0.000000	0.000000	0	122	0
270	425	2	2	0.000000	138.908235	101.263529	0.000000	0.000000	0	257	0
271	68	0	0	0.000000	139.514706	91.000000	0.000000	0.000000	0	106	0
272	1140	1	1	0.000000	71.958772	65.294737	0.000000	0.000000	0	409	0
273	11	0	0	0.000000	113.090909	109.818182	0.000000	0.000000	0	64	0
274	17	0	0	0.000000	113.764706	111.352941	0.000000	0.000000	0	56	0
275	257	0	0	0.000000	187.533074	122.785992	0.000000	0.000000	0	215	0
276	194	2	2	0.000000	220.556701	209.597938	0.000000	0.000000	0	230	0
277	6754	0	1	0.000000	79.002813	76.212911	0.000000	0.000000	0	1583	0
278	1	2	1	0.000000	227.000000	227.000000	0.000000	0.000000	0	105	0
279	1	2	1	0.000000	155.000000	155.000000	0.000000	0.000000	0	73	0
280	1	1	2	0.000000	139.000000	139.000000	0.000000	0.000000	0	73	0
281	1	1	3	0.000000	336.000000	336.000000	0.000000	0.000000	0	170	0
282	1	1	3	0.000000	485.000000	484.000000	0.000000	0.000000	0	245	0
283	1	1	2	0.000000	873.000000	869.000000	0.000000	0.000000	0	442	0
284	198	0	0	0.000000	94.080808	74.858586	0.000000	0.000000	0	106	0
285	18	2	2	0.000000	426.888889	344.722222	0.000000	0.000000	0	237	0
286	42	0	1	0.000000	119.785714	117.809524	0.000000	0.000000	0	70	0
287	67	1	0	0.000000	102.268657	100.925373	0.000000	0.000000	0	82	0
288	7	1	2	0.000000	345.142857	268.571429	0.000000	0.000000	0	178	0
289	29081	1	1	0.000000	63.899316	33.726660	0.000000	0.000000	0	5688	0
290	169	2	2	0.000000	153.970414	105.023669	0.000000	0.000000	0	117	0
291	9	1	1	0.000000	85.444444	85.000000	0.000000	0.000000	0	51	0
292	11	1	1	0.000000	42.727273	40.727273	0.000000	0.000000	0	26	0
293	55	2	2	0.000000	128.600000	92.345455	0.000000	0.000000	0	92	0
294	24109	1	1	0.000000	114.948194	109.715252	0.000000	0.000000	0	8433	0
295	1	4	1	0.000000	615.000000	601.000000	0.000000	0.000000	0	325	0
296	4	2	1	0.000000	93.750000	93.750000	0.000000	0.000000	0	57	0
297	54	1	1	0.000000	1807.296296	1365.574074	0.000000	0.000000	0	1189	0
298	1772	1	1	0.000000	116.297404	110.846501	0.000000	0.000000	0	716	0
299	317	1	1	0.000000	129.164038	117.022082	0.000000	0.000000	0	242	0
300	34	2	2	0.000000	212.500000	139.911765	0.000000	0.000000	0	127	0
301	129	1	1	0.000000	90.705426	86.077519	0.000000	0.000000	0	89	0
302	121	2	2	0.000000	209.008264	136.669421	0.000000	0.000000	0	189	0
303	73	1	1	0.000000	127.383562	124.904110	0.000000	0.000000	0	90	0
304	8	2	2	0.000000	226.375000	225.250000	0.000000	0.000000	0	117	0
305	51	1	1	0.000000	118.000000	114.901961	0.000000	0.000000	0	79	0
306	24	2	2	0.000000	253.416667	244.333333	0.000000	0.000000	0	148	0
307	55	1	1	0.000000	121.109091	119.054545	0.000000	0.000000	0	79	0
308	58	2	2	0.000000	233.379310	155.775862	0.000000	0.000000	0	146	0
309	136	2	2	0.000000	247.852941	158.301471	0.000000	0.000000	0	217	0
310	129	1	1	0.000000	131.434109	127.325581	0.000000	0.000000	0	113	0
311	61	1	1	0.000000	100.557377	99.049180	0.000000	0.000000	0	78	0
312	114	2	2	0.000000	195.596491	167.385965	0.000000	0.000000	0	186	0
313	466	1	1	0.000000	141.394850	112.553648	0.000000	0.000000	0	324	0
314	466	1	1	0.000000	46.847639	45.821888	0.000000	0.000000	0	144	0
315	155	1	1	0.000000	96.670968	94.658065	0.000000	0.000000	0	93	0
316	1	2	2	0.000000	222.000000	218.000000	0.000000	0.000000	0	118	0
317	186	1	1	0.000000	133.532258	130.655914	0.000000	0.000000	0	144	0
318	47	2	2	0.000000	244.765957	238.127660	0.000000	0.000000	0	149	0
319	5	2	2	0.000000	257.600000	254.000000	0.000000	0.000000	0	124	0
320	54	1	1	0.000000	115.444444	114.351852	0.000000	0.000000	0	73	0
321	39	2	2	0.000000	232.179487	167.564103	0.000000	0.000000	0	149	0
322	175	1	1	0.000000	124.417143	121.714286	0.000000	0.000000	0	135	0
323	5	2	2	0.000000	323.400000	319.200000	0.000000	0.000000	0	171	0
324	23	2	2	0.000000	245.478261	242.434783	0.000000	0.000000	0	141	0
325	94	1	1	0.000000	105.170213	104.053191	0.000000	0.000000	0	86	0
326	634	1	1	0.000000	137.714511	130.900631	0.000000	0.000000	0	314	0
327	4	3	1	0.000000	953.000000	920.500000	0.000000	0.000000	0	468	0
328	1	3	1	0.000000	314.000000	298.000000	0.000000	0.000000	0	161	0
329	94	1	1	0.000000	841.574468	583.478723	0.000000	0.000000	0	642	0
330	5	2	2	0.000000	1086.600000	630.400000	0.000000	0.000000	0	559	0
331	23	2	2	0.000000	956.652174	480.173913	0.000000	0.000000	0	527	0
332	31	1	1	0.000000	801.193548	517.741935	0.000000	0.000000	0	474	0
333	43	2	2	0.000000	900.534884	588.604651	0.000000	0.000000	0	553	0
334	4	1	1	0.000000	788.000000	571.500000	0.000000	0.000000	0	389	0
335	1517	1	0	0.000000	110.235992	107.357284	0.000000	0.000000	0	506	0
336	1	2	1	0.000000	323.000000	323.000000	0.000000	0.000000	0	162	0
337	5	2	1	0.000000	257.400000	257.400000	0.000000	0.000000	0	131	0
338	83	1	1	0.000000	143.602410	141.927711	0.000000	0.000000	0	97	0
339	1	2	1	0.000000	285.000000	285.000000	0.000000	0.000000	0	147	0
340	63	2	2	0.000000	2193.444444	1394.968254	0.000000	0.000000	0	1667	0
341	96	1	1	0.000000	132.385417	113.708333	0.000000	0.000000	0	79	0
342	46	1	1	0.000000	123.760870	74.782609	0.000000	0.000000	0	91	0
343	3	2	1	0.000000	373.333333	353.333333	0.000000	0.000000	0	175	0
344	2	0	1	0.000000	104.000000	104.000000	0.000000	0.000000	0	58	0
345	1	1	0	0.000000	122.000000	122.000000	0.000000	0.000000	0	68	0
346	1	1	2	0.000000	631.000000	626.000000	0.000000	0.000000	0	280	0
347	4	2	3	0.000000	853.750000	847.750000	0.000000	0.000000	0	394	0
348	2	2	1	0.000000	732.000000	727.500000	0.000000	0.000000	0	320	0
349	1	2	1	0.000000	555.000000	551.000000	0.000000	0.000000	0	232	0
350	9237	0	0	0.000000	69.770921	67.042222	0.000000	0.000000	0	1993	0
351	91	1	1	0.000000	78.208791	76.241758	0.000000	0.000000	0	95	0
352	1	1	2	0.000000	144.000000	144.000000	0.000000	0.000000	0	69	0
353	1	1	0	0.000000	174.000000	174.000000	0.000000	0.000000	0	88	0
354	1	0	1	0.000000	189.000000	188.000000	0.000000	0.000000	0	100	0
355	2	0	0	0.000000	153.500000	151.500000	0.000000	0.000000	0	75	0
356	3	0	1	0.000000	164.666667	164.666667	0.000000	0.000000	0	82	0
357	129671	0	0	0.000000	70.523432	67.946179	0.000000	0.000000	0	27739	0
358	1	0	0	0.000000	110.000000	105.000000	0.000000	0.000000	0	58	0
359	5940	0	1	0.000000	71.622222	69.211785	0.000000	0.000000	0	1277	0
360	2	2	1	0.000000	127.500000	121.500000	0.000000	0.000000	0	64	0
361	67	2	1	0.000000	283.820896	166.462687	0.000000	0.000000	0	150	0
362	5	1	1	0.000000	238.600000	174.400000	0.000000	0.000000	0	81	0
363	11	2	2	0.000000	316.090909	111.363636	0.000000	0.000000	0	123	0
364	7	1	1	0.000000	241.428571	51.142857	0.000000	0.000000	0	91	0
365	14	1	2	0.000000	312.714286	206.642857	0.000000	0.000000	0	180	0
366	1	1	2	0.000000	612.000000	553.000000	0.000000	0.000000	0	242	0
367	5	1	1	0.000000	76.400000	76.400000	0.000000	0.000000	0	37	0
368	11447	1	0	0.000000	62.705425	60.677907	0.000000	0.000000	0	2232	0
369	2	0	0	0.000000	181.000000	176.000000	0.000000	0.000000	0	87	0
370	39445	1	0	0.000000	65.781848	11.343440	0.000000	0.000000	0	7911	0
371	1	1	0	0.000000	149.000000	149.000000	0.000000	0.000000	0	75	0
372	1	2	2	0.000000	279.000000	279.000000	0.000000	0.000000	0	138	0
373	36	1	1	0.000000	82.277778	81.416667	0.000000	0.000000	0	46	0
374	48958	0	0	0.000000	64.275420	62.105989	0.000000	0.000000	0	9538	0
375	8	2	1	0.000000	107.375000	105.375000	0.000000	0.000000	0	52	0
376	10	1	1	0.000000	69.600000	68.800000	0.000000	0.000000	0	38	0
377	19	2	2	0.000000	114.421053	100.789474	0.000000	0.000000	0	42	0
378	52	1	1	0.000000	57.807692	56.000000	0.000000	0.000000	0	41	0
379	1	2	1	0.000000	177.000000	173.000000	0.000000	0.000000	0	81	0
380	9	1	1	0.000000	52.222222	52.222222	0.000000	0.000000	0	41	0
381	9	1	1	0.000000	47.666667	47.666667	0.000000	0.000000	0	21	0
382	1	3	1	0.000000	589.000000	589.000000	0.000000	0.000000	0	277	0
383	1	0	1	0.000000	129.000000	129.000000	0.000000	0.000000	0	60	0
384	10	2	1	0.000000	279.800000	278.600000	0.000000	0.000000	0	149	0
385	5	0	1	0.000000	137.600000	137.600000	0.000000	0.000000	0	70	0
386	8842	0	0	0.000000	66.408618	64.396404	0.000000	0.000000	0	1779	0
387	51	0	1	0.000000	69.960784	69.941176	0.000000	0.000000	0	116	0
388	59294	0	1	0.000000	67.452069	65.112355	0.000000	0.000000	0	12132	0
389	44	0	1	0.000000	78.727273	77.909091	0.000000	0.000000	0	79	0
390	37	1	1	0.000000	55.027027	53.702703	0.000000	0.000000	0	112	0
391	1	2	1	0.000000	563.000000	563.000000	0.000000	0.000000	0	275	0
392	1	4	1	0.000000	492.000000	492.000000	0.000000	0.000000	0	237	0
393	1	2	1	0.000000	212.000000	212.000000	0.000000	0.000000	0	102	0
394	5	2	1	0.000000	98.600000	98.600000	0.000000	0.000000	0	50	0
395	30742	1	1	0.000000	75.586364	72.862403	0.000000	0.000000	0	7075	0
396	2	0	0	0.000000	161.000000	156.000000	0.000000	0.000000	0	75	0
397	108062	1	0	0.000000	64.873748	62.648470	0.000000	0.000000	0	21008	0
398	2	0	0	0.000000	163.000000	163.000000	0.000000	0.000000	0	82	0
399	111	1	1	0.000000	150.648649	131.747748	0.000000	0.000000	0	124	0
400	20005	0	0	0.000000	62.017096	59.951562	0.000000	0.000000	0	3753	0
401	1	1	2	0.000000	547.000000	423.000000	0.000000	0.000000	0	267	0
402	1	0	1	0.000000	129.000000	129.000000	0.000000	0.000000	0	66	0
403	2148	0	1	0.000000	61.395717	57.665270	0.000000	0.000000	0	439	0
404	860	2	2	0.000000	142.502326	117.839535	0.000000	0.000000	0	417	0
405	21929	1	0	0.000000	68.658854	66.078161	0.000000	0.000000	0	4550	0
406	15	0	0	0.000000	93.000000	89.733333	0.000000	0.000000	0	52	0
407	12	0	0	0.000000	142.083333	139.500000	0.000000	0.000000	0	75	0
408	185	2	0	0.000000	125.945946	116.470270	0.000000	0.000000	0	177	0
409	49	1	1	0.000000	91.408163	88.918367	0.000000	0.000000	0	49	0
410	26	0	2	0.000000	175.923077	144.192308	0.000000	0.000000	0	92	0
411	7741	0	0	0.000000	57.365973	52.133704	0.000000	0.000000	0	1562	0
412	44	0	0	0.000000	119.795455	77.045455	0.000000	0.000000	0	67	0
413	39	0	0	0.000000	101.128205	98.051282	0.000000	0.000000	0	64	0
414	8	0	0	0.000000	94.750000	93.750000	0.000000	0.000000	0	51	0
415	4	0	0	0.000000	164.500000	164.500000	0.000000	0.000000	0	84	0
416	236	2	2	0.000000	253.830508	217.966102	0.000000	0.000000	0	332	0
417	5	0	0	0.000000	177.600000	176.600000	0.000000	0.000000	0	93	0
418	2	0	0	0.000000	156.500000	154.500000	0.000000	0.000000	0	83	0
419	40	0	0	0.000000	132.250000	128.675000	0.000000	0.000000	0	92	0
420	279	0	0	0.000000	130.745520	113.738351	0.000000	0.000000	0	264	0
421	2202	2	1	0.000000	464.494096	377.787466	0.000000	0.000000	0	3339	0
422	96	1	1	0.000000	215.666667	99.572917	0.000000	0.000000	0	164	0
423	21	2	2	0.000000	279.809524	176.190476	0.000000	0.000000	0	146	0
424	1	1	1	0.000000	34.000000	34.000000	0.000000	0.000000	0	14	0
425	15173	1	2	0.000000	62.492322	60.321228	0.000000	0.000000	0	3107	0
426	151	2	2	0.000000	397.384106	328.556291	0.000000	0.000000	0	381	0
427	4	2	1	0.000000	282.750000	230.250000	0.000000	0.000000	0	114	0
428	1	1	1	0.000000	233.000000	101.000000	0.000000	0.000000	0	121	0
429	1	2	1	0.000000	170.000000	170.000000	0.000000	0.000000	0	87	0
430	120	1	2	0.000000	2676.991667	2021.575000	0.000000	0.000000	0	2105	0
431	14	2	2	0.000000	2750.000000	1735.642857	0.000000	0.000000	0	1458	0
432	3	1	1	0.000000	1975.333333	1597.666667	0.000000	0.000000	0	859	0
433	5	0	0	0.000000	101.200000	99.200000	0.000000	0.000000	0	55	0
434	1924	2	2	0.000000	230.534823	189.808732	0.000000	0.000000	0	1497	0
435	3	1	0	0.000000	210.666667	208.000000	0.000000	0.000000	0	148	0
436	40024	1	0	0.000000	70.774011	22.934439	0.000000	0.000000	0	8627	0
437	5	2	0	0.000000	273.000000	267.000000	0.000000	0.000000	0	151	0
438	1	2	1	0.000000	251.000000	249.000000	0.000000	0.000000	0	129	0
439	1	0	1	0.000000	125.000000	125.000000	0.000000	0.000000	0	64	0
440	41	0	0	0.000000	137.146341	132.878049	0.000000	0.000000	0	82	0
441	6	0	0	0.000000	128.000000	125.000000	0.000000	0.000000	0	65	0
442	46129	1	0	0.000000	75.983915	72.852739	0.000000	0.000000	0	10541	0
443	10	0	0	0.000000	121.600000	118.900000	0.000000	0.000000	0	66	0
444	3	0	0	0.000000	147.000000	71.000000	0.000000	0.000000	0	78	0
445	1	2	1	0.000000	1535.000000	1285.000000	0.000000	0.000000	0	751	0
446	1	3	1	0.000000	497.000000	337.000000	0.000000	0.000000	0	255	0
447	2	2	1	0.000000	124.000000	124.000000	0.000000	0.000000	0	64	0
448	6	1	0	0.000000	210.000000	206.000000	0.000000	0.000000	0	150	0
449	60	1	0	0.000000	112.766667	109.783333	0.000000	0.000000	0	202	0
450	2	1	2	0.000000	63.500000	63.500000	0.000000	0.000000	0	31	0
451	1	2	1	0.000000	378.000000	376.000000	0.000000	0.000000	0	188	0
452	2	2	1	0.000000	168.000000	165.000000	0.000000	0.000000	0	87	0
453	44	1	1	0.000000	114.909091	112.500000	0.000000	0.000000	0	69	0
454	3	1	3	0.000000	296.000000	243.333333	0.000000	0.000000	0	175	0
455	2	0	1	0.000000	204.000000	204.000000	0.000000	0.000000	0	114	0
456	13234	0	0	0.000000	70.410156	67.683542	0.000000	0.000000	0	2830	0
457	1599	2	2	0.000000	591.291432	442.696685	0.000000	0.000000	0	3092	0
458	17	2	1	0.000000	327.764706	311.235294	0.000000	0.000000	0	210	0
459	2	2	1	0.000000	257.000000	257.000000	0.000000	0.000000	0	139	0
460	29	2	1	0.000000	118.551724	117.862069	0.000000	0.000000	0	74	0
461	15	1	1	0.000000	53.266667	53.266667	0.000000	0.000000	0	29	0
462	6	2	2	0.000000	103.666667	101.833333	0.000000	0.000000	0	50	0
463	6	2	1	0.000000	163.833333	79.833333	0.000000	0.000000	0	83	0
464	2	0	1	0.000000	188.500000	188.500000	0.000000	0.000000	0	108	0
465	31504	1	0	0.000000	73.874587	71.308786	0.000000	0.000000	0	7059	0
466	16176	0	0	0.000000	68.845574	66.358432	0.000000	0.000000	0	3386	0
467	1	1	0	0.000000	152.000000	152.000000	0.000000	0.000000	0	80	0
468	1	1	2	0.000000	221.000000	221.000000	0.000000	0.000000	0	112	0
469	6	1	1	0.000000	77.000000	77.000000	0.000000	0.000000	0	33	0
470	60	0	0	0.000000	163.716667	161.700000	0.000000	0.000000	0	106	0
471	54472	0	1	0.000000	74.183727	71.227199	0.000000	0.000000	0	12255	0
472	131	2	2	0.000000	1900.335878	1498.091603	0.000000	0.000000	0	1720	0
473	118	2	1	0.000000	171.872881	149.957627	0.000000	0.000000	0	174	0
474	1	2	1	0.000000	126.000000	126.000000	0.000000	0.000000	0	63	0
475	2	3	1	0.000000	175.500000	172.500000	0.000000	0.000000	0	91	0
476	18921	0	1	0.000000	64.784155	62.253845	0.000000	0.000000	0	3783	0
477	3	1	0	0.000000	156.000000	156.000000	0.000000	0.000000	0	82	0
478	11	0	0	0.000000	129.909091	127.727273	0.000000	0.000000	0	85	0
479	2	1	0	0.000000	106.000000	106.000000	0.000000	0.000000	0	58	0
480	1	3	3	0.000000	407.000000	158.000000	0.000000	0.000000	0	202	0
481	34	1	1	0.000000	54.500000	54.470588	0.000000	0.000000	0	93	0
482	77492	0	0	0.000000	65.545166	63.100630	0.000000	0.000000	0	15539	0
483	10	0	0	0.000000	118.600000	115.900000	0.000000	0.000000	0	70	0
484	1	2	2	0.000000	200.000000	195.000000	0.000000	0.000000	0	105	0
485	26861	0	1	0.000000	67.709877	65.376978	0.000000	0.000000	0	5566	0
486	1	1	2	0.000000	113.000000	113.000000	0.000000	0.000000	0	58	0
487	11	1	0	0.000000	158.272727	158.272727	0.000000	0.000000	0	71	0
488	7	1	1	0.000000	233.857143	80.000000	0.000000	0.000000	0	147	0
489	4	2	2	0.000000	471.250000	197.250000	0.000000	0.000000	0	235	0
490	9	2	1	0.000000	195.000000	155.444444	0.000000	0.000000	0	173	0
491	35	1	1	0.000000	55.942857	54.600000	0.000000	0.000000	0	37	0
492	1	1	1	0.000000	185.000000	185.000000	0.000000	0.000000	0	83	0
493	96	1	1	0.000000	93.083333	90.947917	0.000000	0.000000	0	72	0
494	5	0	0	0.000000	179.800000	177.600000	0.000000	0.000000	0	91	0
495	46	1	1	0.000000	47.478261	46.608696	0.000000	0.000000	0	26	0
496	251	1	2	0.000000	159.848606	133.318725	0.000000	0.000000	0	236	0
497	6	2	2	0.000000	337.666667	328.500000	0.000000	0.000000	0	175	0
498	53	2	1	0.000000	236.962264	166.622642	0.000000	0.000000	0	160	0
499	156	1	1	0.000000	161.051282	127.179487	0.000000	0.000000	0	173	0
500	30	2	2	0.000000	323.566667	313.466667	0.000000	0.000000	0	187	0
501	115	1	1	0.000000	190.747826	129.895652	0.000000	0.000000	0	169	0
502	28	2	2	0.000000	253.857143	247.750000	0.000000	0.000000	0	151	0
503	45	2	2	0.000000	275.444444	164.422222	0.000000	0.000000	0	161	0
504	7	1	1	0.000000	140.857143	140.857143	0.000000	0.000000	0	80	0
505	227	1	2	0.000000	141.709251	101.312775	0.000000	0.000000	0	194	0
506	629	1	1	0.000000	40.101749	38.559618	0.000000	0.000000	0	232	0
507	144	1	1	0.000000	211.680556	160.250000	0.000000	0.000000	0	176	0
508	31	1	1	0.000000	72.193548	70.193548	0.000000	0.000000	0	36	0
509	58	0	2	0.000000	163.275862	111.948276	0.000000	0.000000	0	90	0
510	56	2	0	0.000000	94.892857	92.696429	0.000000	0.000000	0	111	0
511	38	2	1	0.000000	95.315789	92.184211	0.000000	0.000000	0	77	0
512	38	2	0	0.000000	136.473684	134.210526	0.000000	0.000000	0	94	0
513	40	1	1	0.000000	88.875000	86.375000	0.000000	0.000000	0	55	0
514	8	2	2	0.000000	164.750000	161.625000	0.000000	0.000000	0	84	0
515	43	0	1	0.000000	95.348837	93.372093	0.000000	0.000000	0	57	0
516	49	1	1	0.000000	77.918367	74.061224	0.000000	0.000000	0	56	0
517	17	1	2	0.000000	135.705882	134.000000	0.000000	0.000000	0	75	0
518	81	2	1	0.000000	96.679012	94.407407	0.000000	0.000000	0	105	0
519	54	2	2	0.000000	266.444444	167.518519	0.000000	0.000000	0	206	0
520	3	0	2	0.000000	129.666667	129.333333	0.000000	0.000000	0	91	0
521	78084	1	1	0.000000	72.642462	69.855860	0.000000	0.000000	0	17300	0
522	1	1	2	0.000000	56.000000	56.000000	0.000000	0.000000	0	30	0
523	3	0	3	0.000000	179.000000	179.000000	0.000000	0.000000	0	96	0
524	1	3	1	0.000000	212.000000	210.000000	0.000000	0.000000	0	106	0
525	1	2	1	0.000000	149.000000	149.000000	0.000000	0.000000	0	72	0
526	4959	0	1	0.000000	66.889696	64.748941	0.000000	0.000000	0	1055	0
527	1	0	0	0.000000	177.000000	169.000000	0.000000	0.000000	0	94	0
528	20063	1	0	0.000000	68.438369	65.968350	0.000000	0.000000	0	4231	0
529	4	0	0	0.000000	140.250000	139.250000	0.000000	0.000000	0	74	0
530	42	1	1	0.000000	67.452381	64.595238	0.000000	0.000000	0	80	0
531	2	2	2	0.000000	263.500000	260.000000	0.000000	0.000000	0	111	0
532	5	0	1	0.000000	179.800000	176.200000	0.000000	0.000000	0	93	0
533	15	0	0	0.000000	103.200000	101.200000	0.000000	0.000000	0	128	0
534	7	0	0	0.000000	110.571429	110.571429	0.000000	0.000000	0	54	0
535	2	0	0	0.000000	135.000000	133.000000	0.000000	0.000000	0	69	0
536	78149	0	1	0.000000	71.367222	40.497294	0.000000	0.000000	0	17034	0
537	11988	1	1	0.000000	67.353187	52.639139	0.000000	0.000000	0	2568	0
538	753	2	2	0.000000	151.722444	119.484728	0.000000	0.000000	0	480	0
539	14	1	1	0.000000	135.428571	73.357143	0.000000	0.000000	0	113	0
540	9	2	2	0.000000	210.555556	123.777778	0.000000	0.000000	0	70	0
541	2	1	3	0.000000	650.500000	352.000000	0.000000	0.000000	0	325	0
542	1	1	2	0.000000	892.000000	443.000000	0.000000	0.000000	0	424	0
543	12	1	1	0.000000	42.750000	42.750000	0.000000	0.000000	0	22	0
544	2	1	0	0.000000	114.500000	114.500000	0.000000	0.000000	0	58	0
545	2	0	1	0.000000	96.000000	96.000000	0.000000	0.000000	0	48	0
546	48	0	0	0.000000	126.875000	124.395833	0.000000	0.000000	0	87	0
547	48	0	0	0.000000	123.541667	52.875000	0.000000	0.000000	0	62	0
548	3	1	1	0.000000	372.333333	157.000000	0.000000	0.000000	0	82	0
549	76383	1	0	0.000000	68.720710	5.095833	0.000000	0.000000	0	15893	0
550	27269	0	0	0.000000	67.078367	64.579596	0.000000	0.000000	0	5508	0
551	195	0	0	0.000000	44.917949	44.441026	0.000000	0.000000	0	47	0
552	15254	1	1	0.000000	63.181002	60.486626	0.000000	0.000000	0	2987	0
553	1	1	0	0.000000	192.000000	191.000000	0.000000	0.000000	0	93	0
554	2	1	6	0.000000	1302.500000	121.000000	0.000000	0.000000	0	655	0
555	31	2	1	0.000000	2207.774194	857.000000	0.000000	0.000000	0	1276	0
556	2017	1	1	0.000000	1606.274170	1146.100645	0.000000	0.000000	0	9875	0
557	307	2	2	0.000000	3699.055375	2568.456026	0.000000	0.000000	0	5422	0
558	126	1	1	0.000000	2786.976190	1974.380952	0.000000	0.000000	0	2753	0
559	12	2	2	0.000000	4331.750000	3843.083333	0.000000	0.000000	0	2443	0
560	15	2	1	0.000000	3495.666667	3032.533333	0.000000	0.000000	0	1992	0
561	57	1	1	0.000000	1522.456140	1361.719298	0.000000	0.000000	0	1082	0
562	19	2	2	0.000000	2684.157895	2600.526316	0.000000	0.000000	0	1592	0
563	47	1	1	0.000000	1583.510638	1443.595745	0.000000	0.000000	0	1010	0
564	14	1	2	0.000000	3557.357143	2935.642857	0.000000	0.000000	0	1799	0
565	46	2	2	0.000000	5058.152174	3051.500000	0.000000	0.000000	0	2808	0
566	126	1	1	0.000000	1853.142857	1256.341270	0.000000	0.000000	0	1565	0
567	14	1	2	0.000000	3103.428571	2793.071429	0.000000	0.000000	0	1598	0
568	228	2	2	0.000000	2609.052632	1869.899123	0.000000	0.000000	0	2971	0
569	262	1	1	0.000000	1364.862595	946.641221	0.000000	0.000000	0	1873	0
570	58	2	2	0.000000	2346.137931	1492.793103	0.000000	0.000000	0	1575	0
571	71	1	1	0.000000	1310.661972	1068.985915	0.000000	0.000000	0	901	0
572	262	1	1	0.000000	1069.244275	802.774809	0.000000	0.000000	0	1344	0
573	153	2	2	0.000000	1839.980392	1000.372549	0.000000	0.000000	0	1983	0
574	1	1	1	0.000000	1091.000000	1016.000000	0.000000	0.000000	0	572	0
575	98	2	2	0.000000	2063.255102	1318.561224	0.000000	0.000000	0	1474	0
576	2	1	1	0.000000	157.500000	76.000000	0.000000	0.000000	0	80	0
577	1	1	0	0.000000	142.000000	62.000000	0.000000	0.000000	0	32	0
578	91	1	1	0.000000	95.769231	95.076923	0.000000	0.000000	0	78	0
579	19	1	2	0.000000	174.578947	171.947368	0.000000	0.000000	0	116	0
580	106	1	1	0.000000	145.386792	132.452830	0.000000	0.000000	0	113	0
581	31	2	2	0.000000	243.387097	240.612903	0.000000	0.000000	0	136	0
582	28982	1	0	0.000000	67.125423	14.325719	0.000000	0.000000	0	6050	0
583	2	0	0	0.000000	152.500000	81.000000	0.000000	0.000000	0	43	0
584	8087	1	1	0.000000	107.060344	101.351676	0.000000	0.000000	0	2720	0
585	41	0	1	0.000000	53.487805	52.463415	0.000000	0.000000	0	64	0
586	1	1	5	0.000000	333.000000	149.000000	0.000000	0.000000	0	163	0
587	1	1	7	0.000000	1005.000000	437.000000	0.000000	0.000000	0	487	0
588	68336	0	1	0.000000	65.783906	4.408262	0.000000	0.000000	0	13511	0
589	8	0	0	0.000000	137.750000	137.250000	0.000000	0.000000	0	75	0
590	170	0	0	0.000000	37.364706	36.558824	0.000000	0.000000	0	32	0
591	22352	0	1	0.000000	63.802881	61.538788	0.000000	0.000000	0	4256	0
592	4	2	1	0.000000	129.000000	129.000000	0.000000	0.000000	0	62	0
593	113	0	0	0.000000	113.787611	65.442478	0.000000	0.000000	0	94	0
594	613	0	1	0.000000	113.969005	106.321370	0.000000	0.000000	0	261	0
595	4316	0	1	0.000000	53.017146	0.889713	0.000000	0.000000	0	793	0
596	11	0	0	0.000000	99.636364	97.909091	0.000000	0.000000	0	53	0
597	46	2	1	0.000000	88.195652	86.891304	0.000000	0.000000	0	110	0
598	61056	1	0	0.000000	65.024764	7.442987	0.000000	0.000000	0	12030	0
599	1	1	2	0.000000	271.000000	271.000000	0.000000	0.000000	0	127	0
600	14	1	0	0.000000	57.571429	57.571429	0.000000	0.000000	0	59	0
601	46	1	1	0.000000	61.326087	60.065217	0.000000	0.000000	0	38	0
602	60	0	2	0.000000	117.250000	114.866667	0.000000	0.000000	0	94	0
603	46	1	1	0.000000	52.195652	52.195652	0.000000	0.000000	0	38	0
604	44051	0	0	0.000000	64.300470	61.720097	0.000000	0.000000	0	8574	0
605	26349	0	0	0.000000	68.699002	65.969714	0.000000	0.000000	0	5429	0
606	73	0	0	0.000000	35.561644	34.671233	0.000000	0.000000	0	27	0
607	1	0	0	0.000000	167.000000	163.000000	0.000000	0.000000	0	86	0
608	93	2	1	0.000000	184.548387	118.419355	0.000000	0.000000	0	180	0
609	68	2	1	0.000000	146.191176	105.411765	0.000000	0.000000	0	91	0
610	3960	0	1	0.000000	69.820455	68.238889	0.000000	0.000000	0	867	0
611	64611	0	1	0.000000	72.450171	69.487796	0.000000	0.000000	0	14095	0
612	225	1	1	0.000000	65.306667	55.991111	0.000000	0.000000	0	75	0
613	1475	1	0	0.000000	44.997288	43.425763	0.000000	0.000000	0	286	0
614	117	1	1	0.000000	98.521368	96.666667	0.000000	0.000000	0	72	0
615	584	0	0	0.000000	81.306507	79.327055	0.000000	0.000000	0	141	0
616	5478	1	0	0.000000	63.309602	60.768346	0.000000	0.000000	0	1078	0
617	1	1	1	0.000000	93.000000	93.000000	0.000000	0.000000	0	48	0
618	40	1	3	0.000000	133.525000	74.250000	0.000000	0.000000	0	271	0
619	80092	1	1	0.000000	65.466314	62.987040	0.000000	0.000000	0	15700	0
620	15	0	0	0.000000	99.666667	99.266667	0.000000	0.000000	0	40	0
621	11233	1	1	0.000000	126.519452	119.897000	0.000000	0.000000	0	4438	0
622	43201	0	0	0.000000	65.408671	24.775908	0.000000	0.000000	0	8572	0
623	99024	0	0	0.000000	66.382069	37.407901	0.000000	0.000000	0	19922	0
624	43	2	1	0.000000	106.488372	66.883721	0.000000	0.000000	0	169	0
625	49	0	1	0.000000	67.551020	62.000000	0.000000	0.000000	0	92	0
626	1	1	1	0.000000	68.000000	68.000000	0.000000	0.000000	0	35	0
627	9420	0	0	0.000000	62.714862	60.286624	0.000000	0.000000	0	1862	0
628	89	2	1	0.000000	364.808989	203.550562	0.000000	0.000000	0	269	0
629	58	1	1	0.000000	250.862069	152.103448	0.000000	0.000000	0	149	0
630	96	2	2	0.000000	360.041667	211.625000	0.000000	0.000000	0	253	0
631	56	2	2	0.000000	266.571429	203.857143	0.000000	0.000000	0	181	0
632	12281	1	1	0.000000	68.284342	65.945526	0.000000	0.000000	0	2588	0
633	31	1	1	0.000000	270.483871	143.193548	0.000000	0.000000	0	147	0
634	68	2	2	0.000000	523.544118	347.382353	0.000000	0.000000	0	359	0
635	121	2	2	0.000000	560.239669	324.140496	0.000000	0.000000	0	447	0
636	50	1	1	0.000000	446.560000	240.880000	0.000000	0.000000	0	293	0
637	44	1	1	0.000000	298.636364	189.068182	0.000000	0.000000	0	216	0
638	23	1	2	0.000000	425.565217	303.217391	0.000000	0.000000	0	248	0
639	7506	1	1	0.000000	70.035572	67.176925	0.000000	0.000000	0	1611	0
640	58	1	1	0.000000	101.586207	99.896552	0.000000	0.000000	0	70	0
641	4	1	1	0.000000	78.250000	78.250000	0.000000	0.000000	0	42	0
642	467	3	2	0.000000	663.468951	449.751606	0.000000	0.000000	0	1256	0
643	1	2	1	0.000000	247.000000	247.000000	0.000000	0.000000	0	114	0
644	23	0	0	0.000000	108.521739	83.130435	0.000000	0.000000	0	59	0
645	51	0	0	0.000000	137.196078	95.352941	0.000000	0.000000	0	74	0
646	17420	1	0	0.000000	66.600804	64.257520	0.000000	0.000000	0	3499	0
647	97	0	0	0.000000	117.814433	76.195876	0.000000	0.000000	0	91	0
648	7192	0	0	0.000000	62.484149	60.019466	0.000000	0.000000	0	1357	0
649	3	1	0	0.000000	125.666667	125.666667	0.000000	0.000000	0	67	0
650	28303	0	0	0.000000	67.179804	64.577783	0.000000	0.000000	0	5804	0
651	1	0	1	0.000000	107.000000	105.000000	0.000000	0.000000	0	48	0
652	7418	0	0	0.000000	58.783904	56.279590	0.000000	0.000000	0	1351	0
653	9420	0	1	0.000000	63.642675	61.019214	0.000000	0.000000	0	1845	0
654	1	3	1	0.000000	267.000000	261.000000	0.000000	0.000000	0	140	0
655	1	2	1	0.000000	107.000000	107.000000	0.000000	0.000000	0	57	0
656	1322	1	1	0.000000	103.661876	95.040847	0.000000	0.000000	0	549	0
657	218	0	0	0.000000	154.472477	107.123853	0.000000	0.000000	0	165	0
658	20	0	0	0.000000	136.550000	136.350000	0.000000	0.000000	0	78	0
659	921	2	2	0.000000	177.160695	132.819761	0.000000	0.000000	0	581	0
660	3	0	0	0.000000	155.666667	155.333333	0.000000	0.000000	0	78	0
661	23	0	0	0.000000	112.086957	51.869565	0.000000	0.000000	0	61	0
662	74	0	0	0.000000	137.702703	133.635135	0.000000	0.000000	0	95	0
663	134	0	0	0.000000	142.179104	124.037313	0.000000	0.000000	0	164	0
664	38	1	0	0.000000	142.578947	141.552632	0.000000	0.000000	0	89	0
665	1225	1	2	0.000000	72.552653	63.764898	0.000000	0.000000	0	437	0
666	230	2	2	0.000000	184.756522	119.682609	0.000000	0.000000	0	323	0
667	51	1	1	0.000000	128.352941	126.372549	0.000000	0.000000	0	96	0
668	187	1	2	0.000000	199.155080	119.294118	0.000000	0.000000	0	254	0
669	70	1	0	0.000000	130.842857	75.728571	0.000000	0.000000	0	100	0
670	12	2	2	0.000000	243.250000	194.750000	0.000000	0.000000	0	139	0
671	36	1	1	0.000000	86.277778	84.694444	0.000000	0.000000	0	51	0
672	161	0	0	0.000000	161.068323	119.590062	0.000000	0.000000	0	158	0
673	5019	1	1	0.000000	69.461447	7.481769	0.000000	0.000000	0	1266	0
674	335	2	2	0.000000	270.668657	147.041791	0.000000	0.000000	0	437	0
675	4	0	0	0.000000	132.250000	131.250000	0.000000	0.000000	0	64	0
676	63	2	1	0.000000	138.634921	85.761905	0.000000	0.000000	0	91	0
677	12	1	1	0.000000	54.250000	54.250000	0.000000	0.000000	0	27	0
678	282	1	2	0.000000	236.223404	107.404255	0.000000	0.000000	0	344	0
679	8	2	2	0.000000	279.000000	252.500000	0.000000	0.000000	0	145	0
680	100	1	1	0.000000	77.490000	76.800000	0.000000	0.000000	0	105	0
681	79	1	2	0.000000	220.291139	167.721519	0.000000	0.000000	0	150	0
682	14	2	2	0.000000	273.214286	272.285714	0.000000	0.000000	0	147	0
683	46	1	2	0.000000	131.000000	130.500000	0.000000	0.000000	0	109	0
684	19	2	1	0.000000	213.473684	90.842105	0.000000	0.000000	0	121	0
685	13	1	1	0.000000	143.307692	107.615385	0.000000	0.000000	0	73	0
686	20	2	2	0.000000	221.600000	219.850000	0.000000	0.000000	0	108	0
687	37	1	1	0.000000	89.135135	88.054054	0.000000	0.000000	0	64	0
688	79	2	2	0.000000	335.797468	127.645570	0.000000	0.000000	0	234	0
689	49	1	1	0.000000	72.877551	72.530612	0.000000	0.000000	0	50	0
690	8	1	2	0.000000	162.375000	95.625000	0.000000	0.000000	0	81	0
691	3	2	2	0.000000	190.666667	185.666667	0.000000	0.000000	0	89	0
692	2505	2	1	0.000000	157.141717	143.348503	0.000000	0.000000	0	1281	0
693	26	1	1	0.000000	72.692308	71.307692	0.000000	0.000000	0	50	0
694	1196	1	3	0.000000	3831.298495	2959.460702	0.000000	0.000000	0	14250	0
695	7	2	2	0.000000	4147.000000	3882.000000	0.000000	0.000000	0	1980	0
696	187	1	1	0.000000	3804.866310	2989.791444	0.000000	0.000000	0	3585	0
697	1	1	2	0.000000	3824.000000	3129.000000	0.000000	0.000000	0	1604	0
698	32	3	2	0.000000	7129.593750	4320.562500	0.000000	0.000000	0	4737	0
699	145	3	1	0.000000	4148.517241	3413.275862	0.000000	0.000000	0	3689	0
700	4	1	1	0.000000	3964.500000	3803.750000	0.000000	0.000000	0	1930	0
701	3	1	1	0.000000	54.333333	53.333333	0.000000	0.000000	0	43	0
702	5	1	1	0.000000	105.600000	105.600000	0.000000	0.000000	0	77	0
703	3	1	0	0.000000	167.666667	163.666667	0.000000	0.000000	0	80	0
704	58	1	1	0.000000	58.500000	58.500000	0.000000	0.000000	0	54	0
705	43847	1	0	0.000000	72.309964	0.199786	0.000000	0.000000	0	9624	0
706	7884	0	1	0.000000	70.728564	68.466768	0.000000	0.000000	0	1735	0
707	5	2	0	0.000000	169.600000	169.400000	0.000000	0.000000	0	111	0
708	2	2	1	0.000000	156.000000	156.000000	0.000000	0.000000	0	81	0
709	2	1	3	0.000000	395.500000	175.000000	0.000000	0.000000	0	196	0
710	1	2	1	0.000000	400.000000	245.000000	0.000000	0.000000	0	194	0
711	43	1	1	0.000000	56.697674	56.023256	0.000000	0.000000	0	36	0
712	13	2	1	0.000000	162.000000	160.230769	0.000000	0.000000	0	95	0
713	1	2	1	0.000000	239.000000	163.000000	0.000000	0.000000	0	84	0
714	65	2	2	0.000000	259.184615	239.369231	0.000000	0.000000	0	168	0
715	17	1	2	0.000000	232.352941	79.470588	0.000000	0.000000	0	117	0
716	180	2	2	0.000000	307.933333	170.127778	0.000000	0.000000	0	318	0
717	53	1	1	0.000000	149.509434	78.018868	0.000000	0.000000	0	105	0
718	43	1	2	0.000000	311.069767	264.651163	0.000000	0.000000	0	204	0
719	3	1	1	0.000000	161.333333	80.333333	0.000000	0.000000	0	43	0
720	39	1	1	0.000000	72.974359	72.128205	0.000000	0.000000	0	46	0
721	19	2	2	0.000000	182.789474	181.789474	0.000000	0.000000	0	93	0
722	31	1	1	0.000000	80.516129	80.516129	0.000000	0.000000	0	48	0
723	17	1	2	0.000000	145.529412	72.647059	0.000000	0.000000	0	40	0
724	43	1	1	0.000000	72.697674	70.348837	0.000000	0.000000	0	43	0
725	14	1	2	0.000000	154.071429	148.000000	0.000000	0.000000	0	89	0
726	7	2	1	0.000000	233.428571	188.000000	0.000000	0.000000	0	120	0
727	18	1	1	0.000000	90.111111	89.444444	0.000000	0.000000	0	53	0
728	25	1	1	0.000000	90.600000	89.280000	0.000000	0.000000	0	53	0
729	36	1	1	0.000000	68.166667	65.583333	0.000000	0.000000	0	44	0
730	3	1	1	0.000000	69.666667	69.333333	0.000000	0.000000	0	34	0
731	83	1	1	0.000000	82.216867	80.024096	0.000000	0.000000	0	56	0
732	10	0	2	0.000000	206.400000	204.800000	0.000000	0.000000	0	115	0
733	24	0	0	0.000000	184.291667	180.041667	0.000000	0.000000	0	97	0
734	65011	1	0	0.000000	70.101260	3.567504	0.000000	0.000000	0	13878	0
735	18258	0	1	0.000000	68.608774	66.246193	0.000000	0.000000	0	3815	0
736	4	0	0	0.000000	126.000000	123.000000	0.000000	0.000000	0	63	0
737	104545	0	0	0.000000	70.653795	52.686317	0.000000	0.000000	0	22385	0
738	2	1	0	0.000000	188.500000	188.500000	0.000000	0.000000	0	98	0
739	9	1	1	0.000000	91.666667	91.666667	0.000000	0.000000	0	93	0
740	39	1	1	0.000000	83.051282	82.256410	0.000000	0.000000	0	59	0
741	51842	0	1	0.000000	71.820165	53.750743	0.000000	0.000000	0	11334	0
742	829	0	0	0.000000	53.901086	52.207479	0.000000	0.000000	0	163	0
743	1037	2	2	0.000000	163.226615	142.460945	0.000000	0.000000	0	590	0
744	37	1	1	0.000000	52.783784	52.783784	0.000000	0.000000	0	36	0
745	11	1	1	0.000000	69.909091	69.909091	0.000000	0.000000	0	42	0
746	37	1	1	0.000000	48.891892	48.108108	0.000000	0.000000	0	29	0
747	54288	0	1	0.000000	72.993479	70.355198	0.000000	0.000000	0	11872	0
748	1	2	1	0.000000	172.000000	172.000000	0.000000	0.000000	0	87	0
749	18259	1	0	0.000000	62.152363	52.961663	0.000000	0.000000	0	3532	0
750	49	1	1	0.000000	78.326531	78.326531	0.000000	0.000000	0	49	0
751	4134	0	0	0.000000	64.432269	62.458636	0.000000	0.000000	0	890	0
752	188	0	0	0.000000	45.297872	39.595745	0.000000	0.000000	0	55	0
753	604	1	0	0.000000	127.182119	124.264901	0.000000	0.000000	0	287	0
754	108	2	2	0.000000	522.583333	357.370370	0.000000	0.000000	0	409	0
755	18	1	1	0.000000	304.944444	304.888889	0.000000	0.000000	0	179	0
756	17	3	2	0.000000	378.823529	377.235294	0.000000	0.000000	0	201	0
757	1	2	1	0.000000	215.000000	212.000000	0.000000	0.000000	0	103	0
758	30	1	1	0.000000	266.033333	258.000000	0.000000	0.000000	0	151	0
759	47	1	2	0.000000	354.382979	347.659574	0.000000	0.000000	0	237	0
760	601	1	1	0.000000	224.873544	202.036606	0.000000	0.000000	0	526	0
761	11	2	2	0.000000	406.363636	394.272727	0.000000	0.000000	0	219	0
762	207	0	1	0.000000	151.792271	146.666667	0.000000	0.000000	0	135	0
763	58	1	1	0.000000	134.413793	132.931034	0.000000	0.000000	0	93	0
764	5143	1	1	0.000000	113.548707	108.417850	0.000000	0.000000	0	1838	0
765	1967	1	0	0.000000	73.615150	68.901881	0.000000	0.000000	0	531	0
766	5	2	2	0.000000	523.200000	517.800000	0.000000	0.000000	0	278	0
767	43	1	0	0.000000	80.744186	80.558140	0.000000	0.000000	0	85	0
768	3490	1	2	0.000000	95.124642	91.369914	0.000000	0.000000	0	1042	0
769	2357	0	1	0.000000	90.692830	84.565125	0.000000	0.000000	0	686	0
770	383	2	1	0.000000	182.932115	129.161880	0.000000	0.000000	0	282	0
771	74	2	2	0.000000	319.216216	155.662162	0.000000	0.000000	0	235	0
772	85	2	1	0.000000	222.976471	121.635294	0.000000	0.000000	0	180	0
773	91	1	1	0.000000	113.098901	112.208791	0.000000	0.000000	0	128	0
774	13891	1	1	0.000000	63.009791	60.635375	0.000000	0.000000	0	2705	0
775	1	2	1	0.000000	141.000000	141.000000	0.000000	0.000000	0	72	0
776	56	1	1	0.000000	154.678571	112.267857	0.000000	0.000000	0	145	0
777	17	2	1	0.000000	208.352941	200.529412	0.000000	0.000000	0	106	0
778	31	1	1	0.000000	72.096774	71.419355	0.000000	0.000000	0	42	0
779	31	1	1	0.000000	81.483871	53.806452	0.000000	0.000000	0	41	0
780	27	2	2	0.000000	152.777778	90.407407	0.000000	0.000000	0	80	0
781	34	1	1	0.000000	78.176471	76.970588	0.000000	0.000000	0	43	0
782	19043	1	1	0.000000	63.848868	61.514205	0.000000	0.000000	0	3689	0
783	2	0	1	0.000000	184.500000	184.500000	0.000000	0.000000	0	97	0
784	7	2	1	0.000000	300.285714	250.571429	0.000000	0.000000	0	161	0
785	6	2	1	0.000000	245.333333	240.666667	0.000000	0.000000	0	129	0
786	8	1	1	0.000000	172.750000	172.500000	0.000000	0.000000	0	98	0
787	31	1	1	0.000000	83.032258	82.064516	0.000000	0.000000	0	42	0
788	37762	1	0	0.000000	71.094884	68.767200	0.000000	0.000000	0	8188	0
789	50	0	0	0.000000	130.260000	129.500000	0.000000	0.000000	0	76	0
790	10	4	1	0.000000	626.700000	624.200000	0.000000	0.000000	0	330	0
791	1	2	1	0.000000	162.000000	162.000000	0.000000	0.000000	0	82	0
792	1	2	1	0.000000	84.000000	84.000000	0.000000	0.000000	0	44	0
793	13	1	2	0.000000	765.846154	588.769231	0.000000	0.000000	0	381	0
794	6	2	2	0.000000	831.500000	799.833333	0.000000	0.000000	0	421	0
795	8	2	1	0.000000	679.375000	677.625000	0.000000	0.000000	0	357	0
796	8633	1	1	0.000000	128.657709	120.914282	0.000000	0.000000	0	3415	0
797	484	1	1	0.000000	68.183884	66.382231	0.000000	0.000000	0	182	0
798	1	2	1	0.000000	218.000000	214.000000	0.000000	0.000000	0	97	0
799	24	2	2	0.000000	262.291667	189.166667	0.000000	0.000000	0	161	0
800	1156	1	1	0.000000	99.684256	94.825260	0.000000	0.000000	0	402	0
801	5	2	2	0.000000	262.000000	257.200000	0.000000	0.000000	0	136	0
802	489	1	1	0.000000	126.042945	122.364008	0.000000	0.000000	0	228	0
803	149	1	1	0.000000	820.604027	553.677852	0.000000	0.000000	0	676	0
804	1	2	1	0.000000	239.000000	239.000000	0.000000	0.000000	0	117	0
805	69	1	2	0.000000	639.869565	539.956522	0.000000	0.000000	0	475	0
806	14	2	2	0.000000	940.500000	488.357143	0.000000	0.000000	0	489	0
807	2574	1	1	0.000000	150.670163	141.255245	0.000000	0.000000	0	1240	0
808	61199	1	0	0.000000	75.010686	72.042762	0.000000	0.000000	0	13873	0
809	1	2	1	0.000000	229.000000	63.000000	0.000000	0.000000	0	116	0
810	27949	0	1	0.000000	77.581917	74.486135	0.000000	0.000000	0	6659	0
811	136	1	1	0.000000	1102.330882	727.566176	0.000000	0.000000	0	893	0
812	85	2	2	0.000000	1345.341176	933.164706	0.000000	0.000000	0	1094	0
813	8	2	2	0.000000	206.125000	200.125000	0.000000	0.000000	0	112	0
814	21792	1	1	0.000000	133.559242	127.161252	0.000000	0.000000	0	8719	0
815	94	0	0	0.000000	112.744681	78.478723	0.000000	0.000000	0	92	0
816	1	1	1	0.000000	70.000000	70.000000	0.000000	0.000000	0	35	0
817	6910	0	1	0.000000	77.918813	75.063965	0.000000	0.000000	0	1620	0
818	1743	1	1	0.000000	115.559380	112.762478	0.000000	0.000000	0	670	0
819	3	1	1	0.000000	94.666667	94.666667	0.000000	0.000000	0	53	0
820	33825	1	1	0.000000	77.887125	74.596098	0.000000	0.000000	0	8004	0
821	1	1	2	0.000000	109.000000	109.000000	0.000000	0.000000	0	58	0
822	3723	1	1	0.000000	64.586355	62.823798	0.000000	0.000000	0	790	0
823	6	1	1	0.000000	143.666667	143.666667	0.000000	0.000000	0	43	0
824	48	0	0	0.000000	168.333333	121.291667	0.000000	0.000000	0	103	0
825	3	0	0	0.000000	134.666667	131.666667	0.000000	0.000000	0	62	0
826	6	0	0	0.000000	134.833333	134.833333	0.000000	0.000000	0	68	0
827	2274	0	1	0.000000	65.273527	62.685136	0.000000	0.000000	0	527	0
828	645	1	1	0.000000	43.708527	42.871318	0.000000	0.000000	0	204	0
829	36	1	1	0.000000	134.333333	133.250000	0.000000	0.000000	0	108	0
830	618	1	1	0.000000	41.689320	38.286408	0.000000	0.000000	0	178	0
831	100	1	1	0.000000	130.150000	96.690000	0.000000	0.000000	0	151	0
832	57	1	1	0.000000	137.824561	126.017544	0.000000	0.000000	0	120	0
833	6	2	1	0.000000	149.000000	147.000000	0.000000	0.000000	0	71	0
834	31	1	1	0.000000	78.387097	78.387097	0.000000	0.000000	0	46	0
835	48	1	1	0.000000	215.354167	155.166667	0.000000	0.000000	0	139	0
836	6	2	2	0.000000	318.666667	158.000000	0.000000	0.000000	0	162	0
837	6	2	1	0.000000	129.666667	127.833333	0.000000	0.000000	0	67	0
838	31	1	1	0.000000	50.580645	50.580645	0.000000	0.000000	0	32	0
839	44	2	2	0.000000	296.954545	150.386364	0.000000	0.000000	0	189	0
840	6	2	1	0.000000	230.833333	227.666667	0.000000	0.000000	0	129	0
841	140	1	1	0.000000	110.728571	108.950000	0.000000	0.000000	0	129	0
842	2	2	2	0.000000	309.000000	307.000000	0.000000	0.000000	0	145	0
843	735	1	1	0.000000	38.702041	37.344218	0.000000	0.000000	0	202	0
844	854	1	1	0.000000	119.818501	113.563232	0.000000	0.000000	0	361	0
845	11	1	1	0.000000	50.363636	50.363636	0.000000	0.000000	0	26	0
846	4	1	2	0.000000	115.250000	115.250000	0.000000	0.000000	0	58	0
847	544	2	2	0.000000	124.529412	121.422794	0.000000	0.000000	0	276	0
848	11	1	1	0.000000	64.545455	64.545455	0.000000	0.000000	0	34	0
849	10510	2	1	0.000000	142.488392	133.085347	0.000000	0.000000	0	4474	0
850	11	1	1	0.000000	71.909091	71.909091	0.000000	0.000000	0	46	0
851	11	1	1	0.000000	42.454545	42.363636	0.000000	0.000000	0	28	0
852	197	2	2	0.000000	313.065990	213.101523	0.000000	0.000000	0	330	0
853	61	1	2	0.000000	193.213115	158.147541	0.000000	0.000000	0	129	0
854	2677	1	1	0.000000	142.533059	133.353381	0.000000	0.000000	0	1214	0
855	75	2	2	0.000000	264.760000	259.653333	0.000000	0.000000	0	210	0
856	123	1	1	0.000000	127.349593	124.195122	0.000000	0.000000	0	112	0
857	31	2	1	0.000000	189.612903	183.870968	0.000000	0.000000	0	113	0
858	31	1	2	0.000000	109.709677	109.290323	0.000000	0.000000	0	60	0
859	1794	1	1	0.000000	129.453177	121.134894	0.000000	0.000000	0	775	0
860	2634	2	1	0.000000	109.221336	103.991648	0.000000	0.000000	0	940	0
861	686	1	1	0.000000	55.193878	54.002915	0.000000	0.000000	0	223	0
862	5	2	2	0.000000	167.800000	166.600000	0.000000	0.000000	0	90	0
863	56	0	1	0.000000	83.642857	81.982143	0.000000	0.000000	0	75	0
864	137	2	1	0.000000	139.532847	102.751825	0.000000	0.000000	0	114	0
865	1716	1	0	0.000000	69.488345	66.488928	0.000000	0.000000	0	412	0
866	5657	0	0	0.000000	67.065229	64.300336	0.000000	0.000000	0	1174	0
867	24	0	0	0.000000	91.375000	90.500000	0.000000	0.000000	0	51	0
868	3	1	1	0.000000	143.333333	143.333333	0.000000	0.000000	0	73	0
869	1925	1	1	0.000000	47.805714	46.537662	0.000000	0.000000	0	374	0
870	373	1	1	0.000000	49.922252	48.037534	0.000000	0.000000	0	106	0
871	3191	1	1	0.000000	44.491382	43.220307	0.000000	0.000000	0	556	0
872	567	1	1	0.000000	30.680776	29.633157	0.000000	0.000000	0	127	0
873	6015	1	0	0.000000	66.792519	64.506567	0.000000	0.000000	0	1269	0
874	50	2	2	0.000000	156.160000	125.180000	0.000000	0.000000	0	121	0
875	3	0	0	0.000000	125.000000	123.333333	0.000000	0.000000	0	63	0
876	71042	1	1	0.000000	67.211340	64.684919	0.000000	0.000000	0	14615	0
877	2	1	2	0.000000	138.000000	138.000000	0.000000	0.000000	0	69	0
878	8	1	1	0.000000	394.000000	393.375000	0.000000	0.000000	0	199	0
879	223	1	1	0.000000	350.094170	237.878924	0.000000	0.000000	0	377	0
880	799	1	1	0.000000	44.993742	44.266583	0.000000	0.000000	0	191	0
881	1	1	2	0.000000	162.000000	155.000000	0.000000	0.000000	0	79	0
882	20	1	1	0.000000	57.700000	56.300000	0.000000	0.000000	0	35	0
883	7384	1	1	0.000000	123.214247	114.416306	0.000000	0.000000	0	2810	0
884	1	3	1	0.000000	230.000000	223.000000	0.000000	0.000000	0	120	0
885	150	2	2	0.000000	2253.773333	1669.993333	0.000000	0.000000	0	2368	0
886	54	1	1	0.000000	397.592593	290.333333	0.000000	0.000000	0	263	0
887	1685	1	0	0.000000	66.207122	63.484273	0.000000	0.000000	0	368	0
888	1445	1	1	0.000000	72.831142	70.982699	0.000000	0.000000	0	360	0
889	1	2	1	0.000000	115.000000	112.000000	0.000000	0.000000	0	59	0
890	8940	1	1	0.000000	67.256488	65.391723	0.000000	0.000000	0	1862	0
891	680	1	1	0.000000	76.885294	76.004412	0.000000	0.000000	0	200	0
892	1	2	1	0.000000	92.000000	91.000000	0.000000	0.000000	0	51	0
893	1214	0	1	0.000000	61.095552	58.747117	0.000000	0.000000	0	245	0
894	53	2	2	0.000000	291.830189	285.849057	0.000000	0.000000	0	165	0
895	61	1	2	0.000000	120.016393	118.213115	0.000000	0.000000	0	101	0
896	55	1	1	0.000000	98.690909	97.054545	0.000000	0.000000	0	69	0
897	3	2	2	0.000000	375.333333	346.000000	0.000000	0.000000	0	188	0
898	2	2	1	0.000000	286.500000	286.500000	0.000000	0.000000	0	145	0
899	149	1	2	0.000000	239.536913	118.765101	0.000000	0.000000	0	213	0
900	19	2	2	0.000000	383.473684	359.157895	0.000000	0.000000	0	210	0
901	102	1	1	0.000000	142.205882	138.764706	0.000000	0.000000	0	120	0
902	347	2	1	0.000000	313.953890	194.518732	0.000000	0.000000	0	580	0
903	161	1	1	0.000000	171.248447	168.975155	0.000000	0.000000	0	157	0
904	70	1	1	0.000000	173.742857	170.400000	0.000000	0.000000	0	179	0
905	30	1	1	0.000000	144.166667	139.633333	0.000000	0.000000	0	94	0
906	20	1	2	0.000000	401.200000	395.200000	0.000000	0.000000	0	224	0
907	77	1	1	0.000000	154.181818	107.116883	0.000000	0.000000	0	123	0
908	601	1	1	0.000000	145.831947	130.274542	0.000000	0.000000	0	327	0
909	6245	1	1	0.000000	106.712250	99.620336	0.000000	0.000000	0	2154	0
910	4	2	2	0.000000	276.750000	270.750000	0.000000	0.000000	0	156	0
911	1	2	2	0.000000	183.000000	179.000000	0.000000	0.000000	0	88	0
912	3524	1	1	0.000000	135.556470	125.016175	0.000000	0.000000	0	1492	0
913	268	2	2	0.000000	180.630597	151.190299	0.000000	0.000000	0	253	0
914	5293	1	1	0.000000	142.876252	131.100510	0.000000	0.000000	0	2382	0
915	31	1	1	0.000000	398.258065	282.193548	0.000000	0.000000	0	246	0
916	94	1	1	0.000000	374.393617	315.691489	0.000000	0.000000	0	266	0
917	17	2	2	0.000000	2326.117647	1261.058824	0.000000	0.000000	0	1246	0
918	4	1	1	0.000000	128.000000	127.250000	0.000000	0.000000	0	60	0
919	50	1	1	0.000000	2106.420000	1578.820000	0.000000	0.000000	0	1330	0
920	1	2	2	0.000000	497.000000	355.000000	0.000000	0.000000	0	253	0
921	2	2	1	0.000000	2481.500000	2396.000000	0.000000	0.000000	0	1231	0
922	29	1	1	0.000000	95.827586	95.827586	0.000000	0.000000	0	57	0
923	43	2	2	0.000000	2241.813953	1364.930233	0.000000	0.000000	0	1486	0
924	1	1	1	0.000000	92.000000	92.000000	0.000000	0.000000	0	48	0
925	63	1	2	0.000000	197.349206	143.571429	0.000000	0.000000	0	143	0
926	6	0	0	0.000000	150.833333	147.000000	0.000000	0.000000	0	73	0
927	125	1	1	0.000000	102.224000	85.544000	0.000000	0.000000	0	86	0
928	2	2	2	0.000000	159.000000	157.500000	0.000000	0.000000	0	84	0
929	140	2	2	0.000000	187.164286	122.457143	0.000000	0.000000	0	174	0
930	21492	1	0	0.000000	71.058301	68.506142	0.000000	0.000000	0	4710	0
931	13	0	0	0.000000	155.384615	153.153846	0.000000	0.000000	0	80	0
932	72	0	0	0.000000	191.972222	134.930556	0.000000	0.000000	0	150	0
933	5384	1	1	0.000000	79.794391	74.734770	0.000000	0.000000	0	1374	0
934	7199	1	1	0.000000	65.653702	63.163634	0.000000	0.000000	0	1546	0
935	44	1	1	0.000000	81.227273	81.227273	0.000000	0.000000	0	60	0
936	98	2	1	0.000000	107.153061	105.000000	0.000000	0.000000	0	105	0
937	4	0	1	0.000000	152.500000	146.500000	0.000000	0.000000	0	84	0
938	5	1	2	0.000000	157.600000	155.800000	0.000000	0.000000	0	103	0
939	3	0	1	0.000000	139.666667	94.000000	0.000000	0.000000	0	77	0
940	43568	0	0	0.000000	72.078085	69.259434	0.000000	0.000000	0	9504	0
941	33	1	1	0.000000	95.787879	94.030303	0.000000	0.000000	0	59	0
942	1	2	1	0.000000	173.000000	173.000000	0.000000	0.000000	0	85	0
943	2	1	3	0.000000	267.000000	112.000000	0.000000	0.000000	0	128	0
944	1	1	2	0.000000	381.000000	370.000000	0.000000	0.000000	0	185	0
945	9	0	0	0.000000	176.222222	175.000000	0.000000	0.000000	0	89	0
946	2	0	0	0.000000	158.500000	155.500000	0.000000	0.000000	0	77	0
947	125	1	1	0.000000	97.360000	94.608000	0.000000	0.000000	0	88	0
948	6051	1	1	0.000000	81.929764	79.326227	0.000000	0.000000	0	1557	0
949	2	0	1	0.000000	43.000000	43.000000	0.000000	0.000000	0	21	0
950	31524	0	0	0.000000	72.649442	28.682115	0.000000	0.000000	0	6945	0
951	392	1	1	0.000000	82.765306	74.747449	0.000000	0.000000	0	163	0
952	15	0	0	0.000000	144.466667	142.800000	0.000000	0.000000	0	82	0
953	52629	1	0	0.000000	73.170571	70.511239	0.000000	0.000000	0	11624	0
954	3594	1	1	0.000000	808.004730	589.292154	0.000000	0.000000	0	8622	0
955	11	1	2	0.000000	3005.454545	2052.090909	0.000000	0.000000	0	1630	0
956	120	1	1	0.000000	915.591667	763.950000	0.000000	0.000000	0	788	0
957	15	2	2	0.000000	2087.666667	1737.466667	0.000000	0.000000	0	1112	0
958	71	1	1	0.000000	868.633803	624.873239	0.000000	0.000000	0	698	0
959	60	1	1	0.000000	1111.833333	940.716667	0.000000	0.000000	0	692	0
960	72	1	1	0.000000	987.027778	858.861111	0.000000	0.000000	0	728	0
961	124	1	1	0.000000	764.790323	528.887097	0.000000	0.000000	0	721	0
962	2949	1	1	0.000000	126.478128	120.489658	0.000000	0.000000	0	1170	0
963	31	1	1	0.000000	151.709677	150.258065	0.000000	0.000000	0	79	0
964	77	2	2	0.000000	298.142857	213.142857	0.000000	0.000000	0	214	0
965	229	1	1	0.000000	91.510917	90.196507	0.000000	0.000000	0	113	0
966	5	2	2	0.000000	185.200000	183.200000	0.000000	0.000000	0	90	0
967	62	1	1	0.000000	113.870968	111.870968	0.000000	0.000000	0	73	0
968	31	2	2	0.000000	216.612903	212.129032	0.000000	0.000000	0	138	0
969	4424	1	1	0.000000	134.453210	128.011302	0.000000	0.000000	0	1815	0
970	3	2	2	0.000000	297.666667	290.666667	0.000000	0.000000	0	150	0
971	4765	1	1	0.000000	133.507870	126.597062	0.000000	0.000000	0	1957	0
972	229	1	1	0.000000	113.266376	109.890830	0.000000	0.000000	0	140	0
973	31	1	1	0.000000	166.032258	161.193548	0.000000	0.000000	0	96	0
974	62	1	1	0.000000	160.209677	158.564516	0.000000	0.000000	0	112	0
975	73	1	1	0.000000	119.616438	115.753425	0.000000	0.000000	0	85	0
976	11	2	2	0.000000	222.454545	219.909091	0.000000	0.000000	0	117	0
977	146	1	1	0.000000	116.191781	114.034247	0.000000	0.000000	0	108	0
978	2	2	2	0.000000	248.000000	244.500000	0.000000	0.000000	0	118	0
979	67	1	1	0.000000	133.119403	129.522388	0.000000	0.000000	0	98	0
980	5	2	2	0.000000	257.000000	250.000000	0.000000	0.000000	0	125	0
981	320	2	2	0.000000	230.437500	167.340625	0.000000	0.000000	0	381	0
982	8709	1	1	0.000000	127.990470	120.853600	0.000000	0.000000	0	3374	0
983	5575	1	1	0.000000	65.139372	62.891480	0.000000	0.000000	0	1130	0
984	8	2	1	0.000000	220.125000	193.500000	0.000000	0.000000	0	119	0
985	1445	1	1	0.000000	1107.167474	870.336332	0.000000	0.000000	0	5841	0
986	1705	1	1	0.000000	1619.740176	1162.707331	0.000000	0.000000	0	8825	0
987	407	1	1	0.000000	1119.098280	749.916462	0.000000	0.000000	0	1928	0
988	71	1	2	0.000000	1061.746479	822.394366	0.000000	0.000000	0	843	0
989	3	2	2	0.000000	1949.333333	1268.000000	0.000000	0.000000	0	1020	0
990	182	1	1	0.000000	1584.879121	1084.346154	0.000000	0.000000	0	1444	0
991	21	2	2	0.000000	2899.952381	1583.333333	0.000000	0.000000	0	1443	0
992	41	1	1	0.000000	2428.439024	1164.317073	0.000000	0.000000	0	1576	0
993	33	2	2	0.000000	3830.333333	1830.969697	0.000000	0.000000	0	2367	0
994	190	2	1	0.000000	1635.757895	988.405263	0.000000	0.000000	0	1886	0
995	122	1	1	0.000000	1943.319672	1521.959016	0.000000	0.000000	0	1607	0
996	31	1	1	0.000000	1400.709677	1322.000000	0.000000	0.000000	0	710	0
997	18	2	1	0.000000	1864.611111	1849.111111	0.000000	0.000000	0	1156	0
998	3	1	1	0.000000	688.000000	684.666667	0.000000	0.000000	0	403	0
999	121	2	2	0.000000	2187.280992	1289.165289	0.000000	0.000000	0	1842	0
1000	15	1	1	0.000000	828.133333	816.066667	0.000000	0.000000	0	464	0
1001	26	1	2	0.000000	2190.076923	1202.384615	0.000000	0.000000	0	1245	0
1002	3686	1	1	0.000000	74.000543	56.626424	0.000000	0.000000	0	1035	0
1003	85	1	1	0.000000	120.458824	116.964706	0.000000	0.000000	0	79	0
1004	26	0	2	0.000000	177.538462	173.576923	0.000000	0.000000	0	115	0
1005	38	2	0	0.000000	203.263158	200.789474	0.000000	0.000000	0	127	0
1006	113	1	0	0.000000	118.159292	117.424779	0.000000	0.000000	0	114	0
1007	66	0	0	0.000000	149.939394	85.212121	0.000000	0.000000	0	100	0
1008	61	0	0	0.000000	176.836066	103.147541	0.000000	0.000000	0	108	0
1009	133	0	0	0.000000	209.586466	155.127820	0.000000	0.000000	0	163	0
1010	1489	1	1	0.000000	62.425118	61.052384	0.000000	0.000000	0	423	0
1011	6	0	0	0.000000	152.666667	151.666667	0.000000	0.000000	0	79	0
1012	199	1	1	0.000000	104.085427	100.693467	0.000000	0.000000	0	113	0
1013	17	2	2	0.000000	237.294118	234.058824	0.000000	0.000000	0	128	0
1014	94	1	1	0.000000	95.276596	94.287234	0.000000	0.000000	0	75	0
1015	2	2	2	0.000000	183.500000	182.500000	0.000000	0.000000	0	98	0
1016	32	2	2	0.000000	196.500000	191.218750	0.000000	0.000000	0	116	0
1017	2963	1	2	0.000000	83.704354	60.160985	0.000000	0.000000	0	946	0
1018	24	2	2	0.000000	273.166667	135.833333	0.000000	0.000000	0	158	0
1019	31	1	1	0.000000	195.806452	192.935484	0.000000	0.000000	0	98	0
1020	201	1	1	0.000000	125.696517	122.467662	0.000000	0.000000	0	118	0
1021	15	2	2	0.000000	228.200000	176.000000	0.000000	0.000000	0	161	0
1022	31	1	1	0.000000	83.129032	82.677419	0.000000	0.000000	0	48	0
1023	193	1	0	0.000000	107.673575	104.637306	0.000000	0.000000	0	151	0
1024	7863	1	1	0.000000	54.508203	8.874094	0.000000	0.000000	0	1436	0
1025	994	1	1	0.000000	98.237425	81.269618	0.000000	0.000000	0	428	0
1026	134	0	0	0.000000	87.798507	72.880597	0.000000	0.000000	0	115	0
1027	84	1	1	0.000000	109.059524	106.119048	0.000000	0.000000	0	74	0
1028	18	2	2	0.000000	211.166667	206.777778	0.000000	0.000000	0	107	0
1029	31	1	1	0.000000	92.451613	91.225806	0.000000	0.000000	0	55	0
1030	62	2	2	0.000000	175.032258	164.290323	0.000000	0.000000	0	122	0
1031	41	2	2	0.000000	218.097561	212.731707	0.000000	0.000000	0	147	0
1032	304	1	1	0.000000	98.065789	95.726974	0.000000	0.000000	0	135	0
1033	136	2	1	0.000000	173.080882	124.691176	0.000000	0.000000	0	176	0
1034	15	1	2	0.000000	162.733333	159.733333	0.000000	0.000000	0	89	0
1035	13	2	2	0.000000	239.153846	235.692308	0.000000	0.000000	0	131	0
1036	5888	1	1	0.000000	66.473336	64.637738	0.000000	0.000000	0	1258	0
1037	113	1	1	0.000000	134.637168	98.274336	0.000000	0.000000	0	101	0
1038	75	0	0	0.000000	151.106667	145.666667	0.000000	0.000000	0	138	0
1039	2628	0	0	0.000000	49.365677	46.809741	0.000000	0.000000	0	460	0
1040	8828	0	0	0.000000	73.019710	65.624490	0.000000	0.000000	0	1948	0
1041	2054	0	0	0.000000	47.374878	46.069620	0.000000	0.000000	0	306	0
1042	25998	0	1	0.000000	65.305985	62.967805	0.000000	0.000000	0	5159	0
1043	119	2	2	0.000000	332.294118	243.521008	0.000000	0.000000	0	352	0
1044	73	1	1	0.000000	94.753425	92.191781	0.000000	0.000000	0	59	0
1045	72	1	1	0.000000	155.583333	87.250000	0.000000	0.000000	0	115	0
1046	51	1	2	0.000000	319.333333	275.196078	0.000000	0.000000	0	238	0
1047	237	2	2	0.000000	349.383966	258.067511	0.000000	0.000000	0	440	0
1048	73	1	1	0.000000	248.232877	200.602740	0.000000	0.000000	0	241	0
1049	882	1	1	0.000000	66.948980	65.318594	0.000000	0.000000	0	282	0
1050	59	0	0	0.000000	147.966102	103.677966	0.000000	0.000000	0	109	0
1051	68	0	0	0.000000	107.735294	75.426471	0.000000	0.000000	0	123	0
1052	29713	1	1	0.000000	73.314240	70.718945	0.000000	0.000000	0	6751	0
1053	2	2	1	0.000000	113.000000	113.000000	0.000000	0.000000	0	53	0
1054	51	2	1	0.000000	795.470588	463.725490	0.000000	0.000000	0	529	0
1055	3	1	1	0.000000	801.333333	491.666667	0.000000	0.000000	0	408	0
1056	28	2	2	0.000000	895.857143	625.142857	0.000000	0.000000	0	500	0
1057	78	2	1	0.000000	796.974359	620.038462	0.000000	0.000000	0	593	0
1058	29	1	1	0.000000	171.655172	110.448276	0.000000	0.000000	0	100	0
1059	15	2	2	0.000000	860.933333	659.266667	0.000000	0.000000	0	470	0
1060	1	2	1	0.000000	228.000000	228.000000	0.000000	0.000000	0	113	0
1061	30	1	1	0.000000	138.633333	137.033333	0.000000	0.000000	0	71	0
1062	102	1	1	0.000000	115.480392	104.156863	0.000000	0.000000	0	123	0
1063	528	1	1	0.000000	88.475379	77.179924	0.000000	0.000000	0	189	0
1064	43	1	1	0.000000	96.209302	95.511628	0.000000	0.000000	0	65	0
1065	175	1	1	0.000000	114.154286	111.285714	0.000000	0.000000	0	103	0
1066	29	1	1	0.000000	98.862069	96.448276	0.000000	0.000000	0	59	0
1067	1135	1	1	0.000000	42.963877	42.234361	0.000000	0.000000	0	283	0
1068	94	1	1	0.000000	87.489362	86.351064	0.000000	0.000000	0	119	0
1069	20	2	2	0.000000	186.600000	183.450000	0.000000	0.000000	0	102	0
1070	62	1	1	0.000000	104.516129	102.919355	0.000000	0.000000	0	64	0
1071	91	2	1	0.000000	190.593407	137.054945	0.000000	0.000000	0	139	0
1072	15	0	0	0.000000	178.333333	176.133333	0.000000	0.000000	0	106	0
1073	6	0	0	0.000000	128.500000	127.500000	0.000000	0.000000	0	64	0
1074	5	0	0	0.000000	146.200000	143.800000	0.000000	0.000000	0	73	0
1075	2	0	0	0.000000	128.000000	128.000000	0.000000	0.000000	0	62	0
1076	5	0	0	0.000000	134.800000	130.600000	0.000000	0.000000	0	65	0
1077	2360	1	1	0.000000	88.732203	86.000000	0.000000	0.000000	0	622	0
1078	403	2	2	0.000000	134.920596	109.243176	0.000000	0.000000	0	240	0
1079	518	1	1	0.000000	134.693050	111.725869	0.000000	0.000000	0	313	0
1080	497	2	2	0.000000	178.776660	129.243461	0.000000	0.000000	0	366	0
1081	173	1	1	0.000000	110.624277	103.606936	0.000000	0.000000	0	107	0
1082	20	2	2	0.000000	199.650000	195.300000	0.000000	0.000000	0	114	0
1083	1384	1	1	0.000000	42.844653	40.067919	0.000000	0.000000	0	330	0
1084	1	2	1	0.000000	183.000000	183.000000	0.000000	0.000000	0	93	0
1085	1322	1	1	0.000000	43.752648	40.980333	0.000000	0.000000	0	334	0
1086	82	2	2	0.000000	267.707317	216.817073	0.000000	0.000000	0	183	0
1087	703	0	0	0.000000	64.452347	60.726885	0.000000	0.000000	0	150	0
1088	90590	0	1	0.000000	66.604923	7.894039	0.000000	0.000000	0	18204	0
1089	48	1	1	0.000000	107.208333	85.541667	0.000000	0.000000	0	59	0
1090	51904	1	0	0.000000	68.490290	49.422838	0.000000	0.000000	0	10885	0
1091	5594	1	0	0.000000	71.074365	68.202360	0.000000	0.000000	0	1222	0
1092	1	2	1	0.000000	123.000000	123.000000	0.000000	0.000000	0	56	0
1093	6	0	0	0.000000	154.833333	152.833333	0.000000	0.000000	0	78	0
1094	25759	1	0	0.000000	70.287589	67.786094	0.000000	0.000000	0	5588	0
1095	24723	1	0	0.000000	67.757230	65.285160	0.000000	0.000000	0	5122	0
1096	27905	0	0	0.000000	73.529762	70.714746	0.000000	0.000000	0	6185	0
1097	1957	1	0	0.000000	65.214103	63.473173	0.000000	0.000000	0	430	0
1098	3	1	0	0.000000	118.333333	118.333333	0.000000	0.000000	0	45	0
1099	6	1	1	0.000000	76.000000	76.000000	0.000000	0.000000	0	38	0
1100	516	1	1	0.000000	76.125969	73.666667	0.000000	0.000000	0	178	0
1101	126220	1	0	0.000000	73.352282	70.729314	0.000000	0.000000	0	28039	0
1102	18857	1	0	0.000000	65.902105	53.037175	0.000000	0.000000	0	3794	0
1103	12162	0	0	0.000000	62.048430	60.266157	0.000000	0.000000	0	2324	0
1104	2	0	0	0.000000	119.000000	119.000000	0.000000	0.000000	0	58	0
1105	35	1	1	0.000000	62.571429	62.571429	0.000000	0.000000	0	41	0
1106	60709	1	0	0.000000	66.945725	4.655784	0.000000	0.000000	0	12309	0
1107	15	1	1	0.000000	1440.400000	1099.933333	0.000000	0.000000	0	794	0
1108	3	1	1	0.000000	1216.000000	1184.000000	0.000000	0.000000	0	679	0
1109	17	1	1	0.000000	1032.823529	810.823529	0.000000	0.000000	0	563	0
1110	65	1	2	0.000000	1549.430769	1107.107692	0.000000	0.000000	0	1124	0
1111	79	1	1	0.000000	1194.227848	806.000000	0.000000	0.000000	0	776	0
1112	71	2	2	0.000000	1844.633803	1314.704225	0.000000	0.000000	0	1195	0
1113	85	1	1	0.000000	1191.200000	841.023529	0.000000	0.000000	0	899	0
1114	56	1	1	0.000000	1211.035714	906.892857	0.000000	0.000000	0	865	0
1115	50	2	2	0.000000	2117.180000	1212.120000	0.000000	0.000000	0	1365	0
1116	56	1	1	0.000000	759.839286	582.607143	0.000000	0.000000	0	548	0
1117	8	1	1	0.000000	663.375000	663.375000	0.000000	0.000000	0	344	0
1118	6	1	1	0.000000	671.500000	557.500000	0.000000	0.000000	0	341	0
1119	75	1	1	0.000000	1223.053333	912.853333	0.000000	0.000000	0	944	0
1120	85	1	1	0.000000	781.035294	715.623529	0.000000	0.000000	0	590	0
1121	1	1	1	0.000000	881.000000	881.000000	0.000000	0.000000	0	428	0
1122	22084	1	0	0.000000	70.832050	41.548134	0.000000	0.000000	0	4703	0
1123	4	0	1	0.000000	88.250000	88.250000	0.000000	0.000000	0	62	0
1124	136	1	1	0.000000	640.139706	536.816176	0.000000	0.000000	0	550	0
1125	79	1	1	0.000000	762.594937	527.797468	0.000000	0.000000	0	506	0
1126	75	1	1	0.000000	841.786667	731.493333	0.000000	0.000000	0	684	0
1127	29	1	1	0.000000	69.137931	68.862069	0.000000	0.000000	0	78	0
1128	130	2	2	0.000000	150.438462	132.484615	0.000000	0.000000	0	128	0
1129	25996	1	1	0.000000	64.693991	11.809471	0.000000	0.000000	0	5199	0
1130	10	1	1	0.000000	61.300000	61.300000	0.000000	0.000000	0	34	0
1131	7063	1	0	0.000000	76.504177	72.837746	0.000000	0.000000	0	1620	0
1132	31	1	1	0.000000	2477.225806	1631.677419	0.000000	0.000000	0	1376	0
1133	28	1	1	0.000000	57.214286	56.892857	0.000000	0.000000	0	41	0
1134	343	1	0	0.000000	52.177843	50.682216	0.000000	0.000000	0	71	0
1135	2617	1	0	0.000000	75.109285	73.158961	0.000000	0.000000	0	620	0
1136	539	1	0	0.000000	85.886827	83.508349	0.000000	0.000000	0	153	0
1137	1906	1	1	0.000000	70.844701	67.052466	0.000000	0.000000	0	497	0
1138	4	1	1	0.000000	2128.750000	1782.750000	0.000000	0.000000	0	1105	0
1139	146	1	1	0.000000	95.719178	94.869863	0.000000	0.000000	0	77	0
1140	2	1	2	0.000000	146.500000	146.500000	0.000000	0.000000	0	65	0
1141	10287	1	1	0.000000	116.607077	109.781277	0.000000	0.000000	0	3695	0
1142	3	2	1	0.000000	258.333333	258.333333	0.000000	0.000000	0	126	0
1143	1	2	1	0.000000	506.000000	496.000000	0.000000	0.000000	0	242	0
1144	1	2	1	0.000000	299.000000	295.000000	0.000000	0.000000	0	147	0
1145	1619	0	1	0.000000	62.791229	61.330451	0.000000	0.000000	0	314	0
1146	134	2	2	0.000000	194.925373	121.902985	0.000000	0.000000	0	187	0
1147	64	1	1	0.000000	213.218750	121.093750	0.000000	0.000000	0	140	0
1148	13	1	1	0.000000	218.615385	102.076923	0.000000	0.000000	0	122	0
1149	38	2	2	0.000000	267.236842	158.789474	0.000000	0.000000	0	171	0
1150	16	1	1	0.000000	219.500000	107.562500	0.000000	0.000000	0	120	0
1151	35	2	2	0.000000	292.742857	200.742857	0.000000	0.000000	0	173	0
1152	267	1	1	0.000000	78.846442	76.071161	0.000000	0.000000	0	111	0
1153	10	1	2	0.000000	171.400000	116.800000	0.000000	0.000000	0	99	0
1154	91	2	2	0.000000	231.384615	135.461538	0.000000	0.000000	0	212	0
1155	97	1	2	0.000000	193.793814	175.206186	0.000000	0.000000	0	168	0
1156	715	2	2	0.000000	153.972028	128.082517	0.000000	0.000000	0	467	0
1157	88	1	1	0.000000	128.409091	110.693182	0.000000	0.000000	0	93	0
1158	26	1	0	0.000000	77.307692	73.076923	0.000000	0.000000	0	45	0
1159	88	1	1	0.000000	68.284091	67.090909	0.000000	0.000000	0	53	0
1160	7306	1	1	0.000000	70.557213	67.377498	0.000000	0.000000	0	1689	0
1161	278	1	1	0.000000	102.967626	101.496403	0.000000	0.000000	0	164	0
1162	104	2	2	0.000000	163.932692	115.528846	0.000000	0.000000	0	157	0
1163	11791	1	1	0.000000	85.470698	81.836231	0.000000	0.000000	0	3072	0
1164	1	2	0	0.000000	176.000000	168.000000	0.000000	0.000000	0	87	0
1165	27	1	1	0.000000	58.481481	57.740741	0.000000	0.000000	0	33	0
1166	8	2	1	0.000000	614.250000	459.500000	0.000000	0.000000	0	303	0
1167	22	1	1	0.000000	92.863636	91.909091	0.000000	0.000000	0	47	0
1168	31	1	1	0.000000	84.032258	83.258065	0.000000	0.000000	0	49	0
1169	36	2	2	0.000000	672.138889	453.416667	0.000000	0.000000	0	416	0
1170	15	1	1	0.000000	583.000000	368.266667	0.000000	0.000000	0	307	0
1171	237	1	2	0.000000	130.649789	105.489451	0.000000	0.000000	0	205	0
1172	17477	0	1	0.000000	72.235166	58.695257	0.000000	0.000000	0	3780	0
1173	8	0	0	0.000000	139.375000	137.875000	0.000000	0.000000	0	76	0
1174	14	0	0	0.000000	143.000000	139.785714	0.000000	0.000000	0	73	0
1175	4064	1	1	0.000000	67.670030	65.837106	0.000000	0.000000	0	898	0
1176	305	2	2	0.000000	138.547541	96.009836	0.000000	0.000000	0	244	0
1177	42	1	1	0.000000	88.619048	88.428571	0.000000	0.000000	0	53	0
1178	18	2	2	0.000000	172.277778	166.722222	0.000000	0.000000	0	95	0
1179	96	1	1	0.000000	69.854167	68.250000	0.000000	0.000000	0	91	0
1180	287	2	2	0.000000	216.285714	157.578397	0.000000	0.000000	0	313	0
1181	36	2	1	0.000000	139.722222	135.944444	0.000000	0.000000	0	90	0
1182	96	1	1	0.000000	54.760417	54.114583	0.000000	0.000000	0	43	0
1183	212	2	2	0.000000	227.801887	152.066038	0.000000	0.000000	0	301	0
1184	33	1	1	0.000000	237.848485	135.909091	0.000000	0.000000	0	132	0
1185	92	1	0	0.000000	108.576087	70.826087	0.000000	0.000000	0	84	0
1186	324	0	2	0.000000	94.935185	76.540123	0.000000	0.000000	0	125	0
1187	1244	1	1	0.000000	64.920418	63.004823	0.000000	0.000000	0	270	0
1188	1007	2	2	0.000000	158.224429	143.334657	0.000000	0.000000	0	514	0
1189	1578	2	2	0.000000	552.130545	453.991762	0.000000	0.000000	0	2975	0
1190	26	1	1	0.000000	494.653846	375.269231	0.000000	0.000000	0	282	0
1191	25	1	1	0.000000	71.360000	71.080000	0.000000	0.000000	0	45	0
1192	26659	0	0	0.000000	67.791027	65.126786	0.000000	0.000000	0	5478	0
1193	291	2	1	0.000000	197.402062	143.161512	0.000000	0.000000	0	272	0
1194	38511	0	0	0.000000	64.470878	61.894160	0.000000	0.000000	0	7525	0
1195	131	1	1	0.000000	100.717557	99.190840	0.000000	0.000000	0	88	0
1196	27045	0	1	0.000000	68.606877	66.221002	0.000000	0.000000	0	5651	0
1197	7637	0	1	0.000000	61.077648	57.665052	0.000000	0.000000	0	1430	0
1198	13663	0	0	0.000000	69.125961	66.500256	0.000000	0.000000	0	2893	0
1199	6511	1	1	0.000000	138.175088	132.890800	0.000000	0.000000	0	2681	0
1200	82	1	1	0.000000	136.853659	135.926829	0.000000	0.000000	0	90	0
1201	15724	0	1	0.000000	63.870644	61.597621	0.000000	0.000000	0	3065	0
1202	4	2	1	0.000000	142.500000	141.500000	0.000000	0.000000	0	70	0
1203	512	1	1	0.000000	115.701172	111.949219	0.000000	0.000000	0	225	0
1204	10	1	2	0.000000	166.800000	112.000000	0.000000	0.000000	0	89	0
1205	76	1	1	0.000000	153.486842	109.302632	0.000000	0.000000	0	103	0
1206	546	1	1	0.000000	40.774725	40.036630	0.000000	0.000000	0	127	0
1207	40	1	1	0.000000	73.550000	72.950000	0.000000	0.000000	0	52	0
1208	11	2	2	0.000000	162.090909	158.818182	0.000000	0.000000	0	80	0
1209	66	1	1	0.000000	106.696970	101.878788	0.000000	0.000000	0	74	0
1210	93	1	2	0.000000	121.548387	117.720430	0.000000	0.000000	0	131	0
1211	635	2	1	0.000000	76.809449	69.634646	0.000000	0.000000	0	254	0
1212	11	0	0	0.000000	138.545455	134.727273	0.000000	0.000000	0	80	0
1213	619	1	2	0.000000	61.630048	60.158320	0.000000	0.000000	0	256	0
1214	141	2	1	0.000000	106.595745	105.453901	0.000000	0.000000	0	142	0
1215	33	1	1	0.000000	75.090909	74.363636	0.000000	0.000000	0	41	0
1216	31	1	1	0.000000	164.387097	85.774194	0.000000	0.000000	0	107	0
1217	77	2	2	0.000000	171.896104	116.272727	0.000000	0.000000	0	138	0
1218	170	1	1	0.000000	102.500000	101.041176	0.000000	0.000000	0	86	0
1219	14	2	2	0.000000	209.928571	208.857143	0.000000	0.000000	0	127	0
1220	645	1	0	0.000000	53.548837	52.351938	0.000000	0.000000	0	172	0
1221	115	1	1	0.000000	136.113043	121.460870	0.000000	0.000000	0	125	0
1222	4	0	1	0.000000	129.750000	127.750000	0.000000	0.000000	0	90	0
1223	585	1	1	0.000000	38.668376	37.288889	0.000000	0.000000	0	160	0
1224	40	0	1	0.000000	86.450000	84.975000	0.000000	0.000000	0	81	0
1225	77	0	0	0.000000	142.428571	138.701299	0.000000	0.000000	0	167	0
1226	33	2	2	0.000000	219.181818	138.666667	0.000000	0.000000	0	130	0
1227	44	2	1	0.000000	148.522727	95.818182	0.000000	0.000000	0	95	0
1228	4	2	0	0.000000	124.250000	121.250000	0.000000	0.000000	0	68	0
1229	47	1	1	0.000000	74.723404	72.531915	0.000000	0.000000	0	46	0
1230	25	1	1	0.000000	70.480000	70.480000	0.000000	0.000000	0	38	0
1231	8	2	2	0.000000	136.000000	136.000000	0.000000	0.000000	0	68	0
1232	10	0	1	0.000000	75.400000	74.400000	0.000000	0.000000	0	35	0
1233	246	1	1	0.000000	99.162602	97.211382	0.000000	0.000000	0	116	0
1234	28	1	1	0.000000	62.607143	62.607143	0.000000	0.000000	0	37	0
1235	45	1	2	0.000000	67.866667	67.177778	0.000000	0.000000	0	70	0
1236	1037	1	1	0.000000	71.942141	69.654773	0.000000	0.000000	0	263	0
1237	3999	1	0	0.000000	80.896724	78.769942	0.000000	0.000000	0	1040	0
1238	2032	0	1	0.000000	59.758366	57.682579	0.000000	0.000000	0	396	0
1239	199	1	1	0.000000	113.386935	110.512563	0.000000	0.000000	0	144	0
1240	94	1	1	0.000000	114.159574	111.531915	0.000000	0.000000	0	92	0
1241	85	1	1	0.000000	95.564706	94.200000	0.000000	0.000000	0	63	0
1242	304	1	1	0.000000	116.963816	113.184211	0.000000	0.000000	0	146	0
1243	84	1	1	0.000000	116.940476	112.785714	0.000000	0.000000	0	84	0
1244	62	1	1	0.000000	97.032258	92.241935	0.000000	0.000000	0	72	0
1245	2664	0	0	0.000000	85.637012	82.757508	0.000000	0.000000	0	684	0
1246	903	0	1	0.000000	83.779623	81.653378	0.000000	0.000000	0	241	0
1247	518	1	1	0.000000	27.206564	26.154440	0.000000	0.000000	0	129	0
1248	171	1	1	0.000000	113.824561	111.228070	0.000000	0.000000	0	114	0
1249	69	2	1	0.000000	119.275362	90.275362	0.000000	0.000000	0	88	0
1250	27	1	1	0.000000	76.555556	76.555556	0.000000	0.000000	0	39	0
1251	31	1	1	0.000000	80.129032	79.806452	0.000000	0.000000	0	51	0
1252	42	1	1	0.000000	59.523810	57.190476	0.000000	0.000000	0	34	0
1253	49	1	1	0.000000	60.061224	58.693878	0.000000	0.000000	0	36	0
1254	46	1	1	0.000000	88.913043	87.782609	0.000000	0.000000	0	57	0
1255	94	1	1	0.000000	196.872340	187.542553	0.000000	0.000000	0	129	0
1256	4	1	1	0.000000	99.000000	99.000000	0.000000	0.000000	0	51	0
1257	10680	1	1	0.000000	70.569850	64.047846	0.000000	0.000000	0	2414	0
1258	162	1	1	0.000000	106.370370	86.148148	0.000000	0.000000	0	100	0
1259	1228	2	2	0.000000	172.911238	161.821661	0.000000	0.000000	0	801	0
1260	2963	1	1	0.000000	150.713129	142.802227	0.000000	0.000000	0	1356	0
1261	55	1	1	0.000000	147.963636	147.963636	0.000000	0.000000	0	82	0
1262	146	1	1	0.000000	114.486301	87.506849	0.000000	0.000000	0	115	0
1263	67	1	1	0.000000	115.597015	113.746269	0.000000	0.000000	0	91	0
1264	73	1	1	0.000000	112.835616	110.616438	0.000000	0.000000	0	81	0
1265	95	1	1	0.000000	112.294737	111.410526	0.000000	0.000000	0	87	0
1266	313	1	0	0.000000	62.670927	61.277955	0.000000	0.000000	0	86	0
1267	605	1	1	0.000000	45.143802	44.418182	0.000000	0.000000	0	123	0
1268	37271	1	0	0.000000	67.716992	7.883073	0.000000	0.000000	0	7622	0
1269	8009	0	1	0.000000	63.162567	61.373205	0.000000	0.000000	0	1548	0
1270	351	2	2	0.000000	134.626781	102.267806	0.000000	0.000000	0	191	0
1271	245	2	2	0.000000	106.004082	75.224490	0.000000	0.000000	0	138	0
1272	61	1	1	0.000000	70.098361	69.311475	0.000000	0.000000	0	45	0
1273	31	1	1	0.000000	44.548387	43.612903	0.000000	0.000000	0	31	0
1274	15404	1	1	0.000000	119.226629	113.716178	0.000000	0.000000	0	5622	0
1275	1	2	1	0.000000	219.000000	212.000000	0.000000	0.000000	0	101	0
1276	11004	1	1	0.000000	63.803708	61.209742	0.000000	0.000000	0	2151	0
1277	4456	0	1	0.000000	54.236759	53.074955	0.000000	0.000000	0	766	0
1278	193	0	0	0.000000	44.849741	43.958549	0.000000	0.000000	0	47	0
1279	21794	1	1	0.000000	78.368404	74.760301	0.000000	0.000000	0	5175	0
1280	9	2	2	0.000000	239.333333	238.888889	0.000000	0.000000	0	127	0
1281	100	2	1	0.000000	156.620000	154.190000	0.000000	0.000000	0	100	0
1282	20	0	0	0.000000	174.350000	158.150000	0.000000	0.000000	0	96	0
1283	66	1	1	0.000000	93.787879	91.454545	0.000000	0.000000	0	64	0
1284	25	1	1	0.000000	70.120000	68.120000	0.000000	0.000000	0	44	0
1285	67	1	1	0.000000	171.611940	138.313433	0.000000	0.000000	0	126	0
1286	6	1	2	0.000000	238.166667	78.500000	0.000000	0.000000	0	92	0
1287	101	1	1	0.000000	96.643564	95.415842	0.000000	0.000000	0	75	0
1288	209	1	1	0.000000	83.583732	81.052632	0.000000	0.000000	0	114	0
1289	210	1	1	0.000000	113.866667	111.780952	0.000000	0.000000	0	130	0
1290	31	1	1	0.000000	93.000000	89.870968	0.000000	0.000000	0	56	0
1291	21	0	1	0.000000	54.238095	54.238095	0.000000	0.000000	0	33	0
1292	49	1	1	0.000000	96.081633	95.020408	0.000000	0.000000	0	68	0
1293	13	2	2	0.000000	202.307692	197.230769	0.000000	0.000000	0	107	0
1294	88	1	1	0.000000	95.943182	72.443182	0.000000	0.000000	0	69	0
1295	11	2	2	0.000000	171.636364	169.272727	0.000000	0.000000	0	86	0
1296	48	1	1	0.000000	76.250000	74.437500	0.000000	0.000000	0	56	0
1297	34	1	2	0.000000	148.764706	114.352941	0.000000	0.000000	0	80	0
1298	3	2	1	0.000000	194.333333	193.333333	0.000000	0.000000	0	97	0
1299	173	1	2	0.000000	180.849711	112.011561	0.000000	0.000000	0	185	0
1300	347	1	1	0.000000	60.121037	58.391931	0.000000	0.000000	0	112	0
1301	339	1	1	0.000000	107.032448	91.454277	0.000000	0.000000	0	183	0
1302	296	2	2	0.000000	167.327703	162.888514	0.000000	0.000000	0	233	0
1303	2	1	1	0.000000	74.000000	74.000000	0.000000	0.000000	0	41	0
1304	45	1	1	0.000000	79.844444	77.155556	0.000000	0.000000	0	47	0
1305	2	0	0	0.000000	124.500000	124.500000	0.000000	0.000000	0	59	0
1306	9	0	0	0.000000	147.111111	146.666667	0.000000	0.000000	0	76	0
1307	57	0	0	0.000000	132.333333	97.947368	0.000000	0.000000	0	88	0
1308	42655	1	0	0.000000	72.113281	69.251553	0.000000	0.000000	0	9385	0
1309	19	0	0	0.000000	135.052632	133.000000	0.000000	0.000000	0	78	0
1310	53	0	0	0.000000	156.283019	96.094340	0.000000	0.000000	0	99	0
1311	396	0	0	0.000000	38.904040	38.446970	0.000000	0.000000	0	70	0
1312	5164	1	1	0.000000	77.649109	74.423703	0.000000	0.000000	0	1202	0
1313	31	1	1	0.000000	577.258065	348.161290	0.000000	0.000000	0	313	0
1314	29	1	1	0.000000	115.310345	110.551724	0.000000	0.000000	0	68	0
1315	21	1	1	0.000000	49.428571	47.952381	0.000000	0.000000	0	36	0
1316	57	1	1	0.000000	80.561404	77.596491	0.000000	0.000000	0	54	0
1317	2223	1	1	0.000000	123.182636	117.434098	0.000000	0.000000	0	926	0
1318	725	1	1	0.000000	84.587586	83.005517	0.000000	0.000000	0	236	0
1319	488	2	2	0.000000	610.198770	512.215164	0.000000	0.000000	0	1190	0
1320	31	1	1	0.000000	165.387097	99.193548	0.000000	0.000000	0	105	0
1321	71	1	1	0.000000	245.943662	232.394366	0.000000	0.000000	0	171	0
1322	24	1	2	0.000000	373.708333	363.083333	0.000000	0.000000	0	225	0
1323	6	1	2	0.000000	481.500000	468.333333	0.000000	0.000000	0	259	0
1324	302	2	1	0.000000	231.933775	197.655629	0.000000	0.000000	0	353	0
1325	146	2	1	0.000000	319.582192	260.486301	0.000000	0.000000	0	308	0
1326	67	1	1	0.000000	455.940299	424.208955	0.000000	0.000000	0	307	0
1327	152	1	1	0.000000	80.125000	78.500000	0.000000	0.000000	0	67	0
1328	4	2	2	0.000000	242.750000	182.250000	0.000000	0.000000	0	122	0
1329	25	1	1	0.000000	82.960000	82.960000	0.000000	0.000000	0	53	0
1330	2	1	1	0.000000	156.500000	96.000000	0.000000	0.000000	0	78	0
1331	7	1	1	0.000000	85.571429	84.857143	0.000000	0.000000	0	46	0
1332	67	1	1	0.000000	84.044776	81.358209	0.000000	0.000000	0	59	0
1333	15972	1	0	0.000000	61.460180	59.520536	0.000000	0.000000	0	2958	0
1334	5471	1	1	0.000000	117.735332	110.754889	0.000000	0.000000	0	2034	0
1335	41	1	1	0.000000	156.463415	152.731707	0.000000	0.000000	0	104	0
1336	220	2	2	0.000000	204.504545	139.254545	0.000000	0.000000	0	236	0
1337	185	1	1	0.000000	105.670270	102.724324	0.000000	0.000000	0	118	0
1338	94	1	1	0.000000	134.989362	128.563830	0.000000	0.000000	0	104	0
1339	54	1	1	0.000000	130.240741	128.259259	0.000000	0.000000	0	97	0
1340	163	1	1	0.000000	135.484663	132.662577	0.000000	0.000000	0	138	0
1341	181	1	1	0.000000	157.900552	155.138122	0.000000	0.000000	0	171	0
1342	129	1	1	0.000000	133.480620	119.279070	0.000000	0.000000	0	115	0
1343	155	1	1	0.000000	124.174194	99.019355	0.000000	0.000000	0	126	0
1344	61	1	1	0.000000	126.016393	121.967213	0.000000	0.000000	0	89	0
1345	55	1	1	0.000000	143.945455	141.654545	0.000000	0.000000	0	86	0
1346	51	1	1	0.000000	118.411765	113.784314	0.000000	0.000000	0	73	0
1347	73	1	1	0.000000	127.589041	125.438356	0.000000	0.000000	0	90	0
1348	317	1	1	0.000000	65.583596	63.233438	0.000000	0.000000	0	125	0
1349	1972	1	1	0.000000	128.211968	122.941684	0.000000	0.000000	0	802	0
1350	31	1	1	0.000000	74.161290	73.580645	0.000000	0.000000	0	44	0
1351	31	1	1	0.000000	150.193548	146.709677	0.000000	0.000000	0	94	0
1352	34	1	1	0.000000	152.558824	147.764706	0.000000	0.000000	0	98	0
1353	676	1	1	0.000000	98.171598	72.823964	0.000000	0.000000	0	325	0
1354	98	2	2	0.000000	203.785714	136.673469	0.000000	0.000000	0	165	0
1355	79	1	1	0.000000	132.379747	130.139241	0.000000	0.000000	0	78	0
1356	25	0	0	0.000000	129.800000	125.760000	0.000000	0.000000	0	73	0
1357	105	0	2	0.000000	181.904762	181.666667	0.000000	0.000000	0	143	0
1358	12611	1	1	0.000000	70.219094	5.520260	0.000000	0.000000	0	2808	0
1359	140	2	0	0.000000	199.957143	178.142857	0.000000	0.000000	0	182	0
1360	31	1	1	0.000000	122.096774	122.096774	0.000000	0.000000	0	65	0
1361	12	0	0	0.000000	107.083333	103.000000	0.000000	0.000000	0	48	0
1362	33	1	1	0.000000	87.424242	85.090909	0.000000	0.000000	0	54	0
1363	42	1	1	0.000000	76.380952	70.142857	0.000000	0.000000	0	41	0
1364	708	2	2	0.000000	140.634181	100.884181	0.000000	0.000000	0	386	0
1365	29	0	0	0.000000	157.517241	155.620690	0.000000	0.000000	0	95	0
1366	523	1	1	0.000000	49.271511	47.826004	0.000000	0.000000	0	153	0
1367	162	0	0	0.000000	158.296296	137.166667	0.000000	0.000000	0	157	0
1368	511	1	1	0.000000	52.602740	50.859100	0.000000	0.000000	0	149	0
1369	389	2	2	0.000000	136.596401	99.352185	0.000000	0.000000	0	229	0
1370	11	2	2	0.000000	133.363636	128.545455	0.000000	0.000000	0	73	0
1371	102	1	1	0.000000	71.205882	69.921569	0.000000	0.000000	0	58	0
1372	566	2	1	0.000000	111.402827	76.674912	0.000000	0.000000	0	254	0
1373	17	1	1	0.000000	59.000000	58.941176	0.000000	0.000000	0	33	0
1374	157	2	2	0.000000	143.375796	102.770701	0.000000	0.000000	0	150	0
1375	21	1	1	0.000000	81.952381	80.238095	0.000000	0.000000	0	45	0
1376	3816	1	1	0.000000	69.150419	66.013365	0.000000	0.000000	0	843	0
1377	199	0	0	0.000000	112.376884	94.964824	0.000000	0.000000	0	128	0
1378	6300	1	1	0.000000	76.709365	73.846508	0.000000	0.000000	0	1453	0
1379	6	2	2	0.000000	119.833333	118.833333	0.000000	0.000000	0	70	0
1380	48	1	1	0.000000	72.770833	72.375000	0.000000	0.000000	0	54	0
1381	331	2	2	0.000000	170.785498	156.117825	0.000000	0.000000	0	227	0
1382	17	1	1	0.000000	64.235294	58.588235	0.000000	0.000000	0	33	0
1383	102	1	1	0.000000	79.980392	60.941176	0.000000	0.000000	0	65	0
1384	64	1	1	0.000000	61.187500	59.703125	0.000000	0.000000	0	41	0
1385	13	1	1	0.000000	60.230769	59.461538	0.000000	0.000000	0	33	0
1386	16	1	1	0.000000	69.000000	69.000000	0.000000	0.000000	0	36	0
1387	31	1	1	0.000000	79.774194	79.129032	0.000000	0.000000	0	46	0
1388	1229	1	1	0.000000	51.986168	49.654190	0.000000	0.000000	0	260	0
1389	1541	1	1	0.000000	81.816353	76.199221	0.000000	0.000000	0	406	0
1390	3	2	1	0.000000	154.333333	154.333333	0.000000	0.000000	0	76	0
1391	1247	1	1	0.000000	58.732157	57.563753	0.000000	0.000000	0	265	0
1392	353	1	0	0.000000	74.526912	73.804533	0.000000	0.000000	0	107	0
1393	27	1	1	0.000000	47.888889	47.888889	0.000000	0.000000	0	34	0
1394	123	1	1	0.000000	96.390244	95.203252	0.000000	0.000000	0	76	0
1395	28	1	1	0.000000	79.035714	77.000000	0.000000	0.000000	0	43	0
1396	1426	0	0	0.000000	75.242637	73.565919	0.000000	0.000000	0	332	0
1397	3111	1	0	0.000000	53.811636	52.595628	0.000000	0.000000	0	567	0
1398	9	1	2	0.000000	66.111111	66.111111	0.000000	0.000000	0	18	0
1399	30	1	1	0.000000	75.666667	71.866667	0.000000	0.000000	0	76	0
1400	125	0	0	0.000000	131.168000	100.272000	0.000000	0.000000	0	143	0
1401	2862	1	2	0.000000	89.788609	84.696366	0.000000	0.000000	0	925	0
1402	11201	0	1	0.000000	71.399696	68.939291	0.000000	0.000000	0	2581	0
1403	42	1	1	0.000000	90.642857	90.571429	0.000000	0.000000	0	51	0
1404	1673	1	1	0.000000	72.099821	67.100418	0.000000	0.000000	0	372	0
1405	446	1	0	0.000000	56.020179	54.621076	0.000000	0.000000	0	100	0
1406	637	1	1	0.000000	60.817896	57.359498	0.000000	0.000000	0	185	0
1407	35	1	1	0.000000	57.257143	57.257143	0.000000	0.000000	0	37	0
1408	31	1	1	0.000000	66.129032	64.483871	0.000000	0.000000	0	46	0
1409	7	1	1	0.000000	83.142857	83.142857	0.000000	0.000000	0	43	0
1410	49	1	1	0.000000	97.142857	96.387755	0.000000	0.000000	0	64	0
1411	48	1	1	0.000000	93.520833	90.916667	0.000000	0.000000	0	55	0
1412	149	1	1	0.000000	113.657718	104.275168	0.000000	0.000000	0	101	0
1413	1	1	1	0.000000	80.000000	78.000000	0.000000	0.000000	0	45	0
1414	32	1	1	0.000000	57.343750	56.625000	0.000000	0.000000	0	42	0
1415	65	1	1	0.000000	107.753846	105.061538	0.000000	0.000000	0	74	0
1416	617	1	1	0.000000	40.982172	40.366288	0.000000	0.000000	0	168	0
1417	1	2	1	0.000000	140.000000	137.000000	0.000000	0.000000	0	76	0
1418	11294	1	0	0.000000	65.215690	20.826545	0.000000	0.000000	0	2325	0
1419	21	1	1	0.000000	57.476190	57.476190	0.000000	0.000000	0	38	0
1420	3957	1	0	0.000000	65.667172	47.273692	0.000000	0.000000	0	800	0
1421	3632	0	0	0.000000	66.868117	65.244218	0.000000	0.000000	0	746	0
1422	1176	0	1	0.000000	69.105442	66.943027	0.000000	0.000000	0	250	0
1423	31	1	1	0.000000	118.483871	114.967742	0.000000	0.000000	0	69	0
1424	3769	1	0	0.000000	45.226851	44.405147	0.000000	0.000000	0	556	0
1425	16	1	2	0.000000	163.875000	109.937500	0.000000	0.000000	0	90	0
1426	48	1	1	0.000000	65.145833	63.604167	0.000000	0.000000	0	38	0
1427	1278	1	0	0.000000	61.496088	60.023474	0.000000	0.000000	0	273	0
1428	1423	1	0	0.000000	68.673226	65.715390	0.000000	0.000000	0	363	0
1429	31	1	1	0.000000	103.677419	103.322581	0.000000	0.000000	0	58	0
1430	32	2	2	0.000000	323.812500	188.625000	0.000000	0.000000	0	194	0
1431	25	1	1	0.000000	219.800000	71.240000	0.000000	0.000000	0	136	0
1432	53	2	2	0.000000	313.566038	287.811321	0.000000	0.000000	0	212	0
1433	31	1	1	0.000000	227.516129	151.774194	0.000000	0.000000	0	143	0
1434	72	1	1	0.000000	136.472222	129.736111	0.000000	0.000000	0	107	0
1435	296	2	2	0.000000	246.756757	189.530405	0.000000	0.000000	0	374	0
1436	25	1	1	0.000000	47.200000	45.440000	0.000000	0.000000	0	32	0
1437	321	2	2	0.000000	225.890966	161.585670	0.000000	0.000000	0	345	0
1438	70	1	1	0.000000	180.700000	175.900000	0.000000	0.000000	0	102	0
1439	616	1	1	0.000000	25.467532	24.967532	0.000000	0.000000	0	140	0
1440	5521	1	1	0.000000	69.153052	23.601521	0.000000	0.000000	0	1253	0
1441	1156	0	1	0.000000	74.602076	71.733564	0.000000	0.000000	0	282	0
1442	17	0	0	0.000000	165.470588	165.470588	0.000000	0.000000	0	95	0
1443	40	0	0	0.000000	177.825000	105.850000	0.000000	0.000000	0	98	0
1444	8	0	0	0.000000	127.750000	125.750000	0.000000	0.000000	0	63	0
1445	233	2	2	0.000000	157.493562	115.047210	0.000000	0.000000	0	235	0
1446	34	1	1	0.000000	67.588235	66.676471	0.000000	0.000000	0	46	0
1447	34	1	1	0.000000	67.147059	66.058824	0.000000	0.000000	0	35	0
1448	47	1	1	0.000000	108.085106	108.085106	0.000000	0.000000	0	69	0
1449	1225	1	1	0.000000	68.167347	65.342041	0.000000	0.000000	0	290	0
1450	31	1	1	0.000000	58.548387	55.516129	0.000000	0.000000	0	35	0
1451	67	1	1	0.000000	62.641791	62.567164	0.000000	0.000000	0	44	0
1452	50	1	1	0.000000	88.820000	86.880000	0.000000	0.000000	0	62	0
1453	31	1	1	0.000000	47.580645	46.806452	0.000000	0.000000	0	37	0
1454	79	1	1	0.000000	107.632911	104.443038	0.000000	0.000000	0	76	0
1455	31	1	1	0.000000	83.000000	83.000000	0.000000	0.000000	0	46	0
1456	70	1	1	0.000000	72.957143	69.857143	0.000000	0.000000	0	47	0
1457	31	1	1	0.000000	63.838710	61.967742	0.000000	0.000000	0	42	0
1458	62	1	1	0.000000	60.903226	59.870968	0.000000	0.000000	0	40	0
1459	228	1	0	0.000000	42.381579	41.763158	0.000000	0.000000	0	54	0
1460	34	1	1	0.000000	131.382353	127.558824	0.000000	0.000000	0	72	0
1461	11	1	1	0.000000	38.272727	38.272727	0.000000	0.000000	0	21	0
